295.66798357050556 589.1771575831133 323.49790002628697 192.8960976452528 436.1467106804134 80.93224595246889 402.0109443281547 164.4657108175305 268.3915031613027 101.57881247530037 105.19048495814145 86.57001686542291 404.9959470497846 401.6221949969054 544.602141303045 574.4465573470883 532.3488926095287 364.2354440115826 353.7493747532686 345.7174417126344 
584.7119786156999 377.31948910126044 367.2473640987362 324.40157764421065 336.8882846713437 462.2406160505501 54.135038550482676 605.9007870877011 324.0761601260958 605.3388857898188 88.91901856254303 204.05395433526527 547.5017707830538 188.30137889256466 393.94329733020714 51.352773607858595 174.42430020547795 63.49380290137454 536.6783103212514 273.41279993249464 
391.1073602202028 170.34451161163605 515.5232033644725 308.79365239532643 117.35055189977521 138.87436182857496 117.71506735154114 395.26216744262206 241.17472714985266 276.46645225644113 582.9387667922165 93.59200709389297 382.2549592391032 483.9692549720335 456.2313135632228 469.99382819328326 542.6946695801273 197.22702767919452 463.77432815421133 508.2694326268602 
353.73489674690245 200.13128094701713 595.1685084586679 72.78381240693646 176.99237408433902 105.28686229296534 325.7837333498106 293.3489163527632 68.82010238210987 448.3867040049013 462.77861827132386 193.1126186449343 566.3843566595915 492.38862221963245 448.38327972307684 530.5469707926973 404.0515855463107 387.58831696998703 104.0389425873898 176.62925752464693 
218.67924512275147 283.681938366286 548.9883572823679 498.3095760437796 452.4041821681039 539.9122747469061 376.9105668105524 369.35900901023183 411.5222376408986 129.39210230738956 124.19388787139461 579.6917038909814 190.05297591175167 83.69863134338654 613.4407846866037 564.2549603322736 116.58329551078155 373.8325573244477 105.79850417722044 522.5808214783317 
332.98338434443605 373.63573687057453 145.70903938275887 550.0932127775869 263.5892087680811 601.7610370816781 131.67241940137228 552.2639766784914 283.4449502952582 588.2882397110532 396.61677204197804 62.71197639625082 244.19926193522852 462.07959780685377 131.46916193764673 236.33868420776605 466.24906639374666 204.96898442720308 35.52091406174265 238.59424417183823 
155.7247368362441 268.8782444639704 527.1809560095444 201.96757225342157 354.91024386756703 201.9545327186545 298.7112600257461 270.7943809309671 84.69215860127859 479.8224057275987 148.53787790743243 405.47678514295586 287.6312340534708 288.0444817724168 374.73145753794813 367.20832747883395 330.2502446277234 351.8841728223005 563.2508548806622 54.298092881493034 
173.1319266255597 259.46461129812457 554.5438151246663 511.1876747705853 467.4206950786884 274.4171815277051 322.09821611199857 81.25481037531392 186.3219217228545 384.11364020132896 246.53783432739252 124.4973622493681 550.1925790496877 279.57539215910003 418.8562115167571 71.19142352350909 153.81687879418084 513.1538387639966 156.3825419822534 132.6172641016114 
554.4607053238395 430.07546801019834 265.0731452091303 139.94697135158745 329.2986645121117 619.9453398700216 531.7225019867108 532.3873728568973 160.80744574412813 384.30300706793764 79.68728903859139 265.6721707759949 258.7191611751706 66.32421633097564 571.7175825494238 361.99687090506296 377.12859681835954 238.76251524060163 393.4885449039369 372.4903599954655 
235.34791888257507 96.22430196035708 501.42660856337466 373.3168798241617 101.10281017023564 547.8710808661302 168.42390501880024 266.50208616561804 244.66349501933064 256.6427876887743 611.0345370040424 306.57698139659897 522.504793002222 21.095808615145888 431.74658048853496 324.1335027596892 299.0885391662017 445.9495435462335 559.9235353322327 67.38544325821701 
265.3623724475251 197.4350887846178 525.0089367792644 232.8285185008727 62.56867260839235 489.540153100485 445.5878511428579 306.0932788204309 169.95715111992922 597.2434561130065 467.8991690238744 284.0846844552208 464.9951311504988 542.832816813621 337.3922450718977 299.5019939439206 614.6690265527418 251.40037339301222 136.92171269460027 118.83282375545537 
406.4710237162374 221.60885162567422 375.1743490597601 34.915078478407025 77.66441806465696 507.8226135465009 358.9214298753428 25.160453129521734 251.4215688311644 359.6970773378623 532.6907219832749 196.53332760513146 38.428241285669934 415.3205307342473 219.45149513779126 288.37884871238805 412.54784854250784 494.001834985619 345.906607126669 354.193782875665 
319.1396526947859 584.7979388685513 485.9851017207594 93.43402883234099 124.62444187432816 176.8748651891811 106.1294764281413 454.45255669760166 165.89152393638722 227.79589704206637 245.970867313329 479.661327436348 308.1408081779047 215.83085425674994 217.98637491308332 514.011294397975 569.7536772076977 272.38006659671345 259.73197967493513 247.88378614225087 
22.786389084909956 540.6067866210271 222.24490885175226 615.4874929114679 327.6798683062992 256.3719751088071 128.20918491040658 119.85433362535323 610.77943353372 397.56497396902245 183.47808774776948 305.52845704634683 543.2585128673517 97.92395930262737 375.5473635901043 450.0416316399967 430.0396576275697 571.4399264680226 542.5728100510722 95.26913025658122 
467.30716920156163 443.43784500696705 146.52604787267836 589.7597262569236 277.20452921818054 134.42891856622506 134.08222058308365 563.1335361695983 578.3108000856421 92.82743120987823 418.83349071013674 203.64145514259485 600.489458846807 22.62629854186971 468.42173850842624 559.9800767388301 602.7036928058566 402.1246575122139 430.18468499622804 438.45557064732805 
402.3915885886644 539.8015909746989 378.90879608631303 216.5905752623443 574.9952565017172 163.4295488572788 220.2829526785308 444.2676189353908 532.2374336105962 288.521289321735 533.6464893672928 53.50297039024528 437.73946882207275 462.20398671042256 587.6254480510698 347.94458856809416 268.57426468327014 428.61445929678075 112.25077873713307 93.18790699000262 
281.3481194150781 611.909060819415 161.15220418854778 179.0033151288414 91.40511988919481 162.98206811702207 347.42154776187664 474.56893329706486 323.74778319682423 465.986345772427 86.73919190876865 447.8025748349067 144.26778974338112 550.7500172649945 231.35748904163307 269.88655916061543 329.880554691065 407.1828296623668 428.5348950545861 476.0790593609223 
86.15732422146263 147.7660441688003 287.0144996783733 203.90599210018684 571.048556851085 514.2195976755856 585.140764193593 179.82689659794966 33.29243273419056 174.44022010932613 304.20812726987606 575.4686897539335 424.102121545699 405.8043197787823 420.63538333266354 204.5211330905282 490.7256027047157 310.92932598641 340.5594718734972 81.38756331567299 
310.47183393435927 61.987386041915386 610.4423988211794 112.68482499418545 373.7969143969169 419.6649137189759 487.28512061469837 42.68604206706897 75.04419486221346 122.86196228837332 102.04217020980435 323.79997448186793 619.4317084569675 95.22511139366603 299.8305919095775 533.180815720673 104.88117396636157 164.60757715209456 590.5271832979444 306.5620836115292 
487.28186923967735 541.550257098589 593.3476424589219 110.40835739183788 87.7833986834562 52.87764734333809 309.00128348441905 523.4786519903038 50.71099661086045 76.50216027650738 103.01536995855801 48.895178025669786 510.6971356208383 473.530677372552 233.82250143358064 27.81120249286962 177.62322929726454 363.76720070383936 509.20495506380536 175.77183463076148 
597.9650598208601 540.7051560840816 204.6897795109162 212.8612954798814 301.13586730555903 272.10319804024624 327.488225892318 408.7307236121455 189.42068227829324 582.238315402606 259.57340676315323 613.6000174264113 280.09573529585236 461.92990442731235 163.4899243659072 496.32755638545393 458.326645817194 202.4285680080203 284.4891400911281 260.64152063533743 
49.43923773590684 399.2634107089594 432.58383085353734 60.62664691238855 169.15663451737043 322.1416552312038 78.11615913691148 86.56004630143735 360.39631594242417 96.99416676025615 244.43244760215663 442.18993516157803 375.2211783223971 496.2607063363469 131.25872524509043 84.55090031276455 110.53795385188069 283.5088260309953 152.37062987566856 247.40968838029457 
456.1370890786245 208.47982921022975 421.15158473134005 519.4349928690006 163.6675767377365 98.65584724881273 67.63284740731075 498.1851260461885 195.1407023487691 243.4416213787573 520.6091924542093 291.007339777787 159.5561864118259 417.054777285927 438.42421474624075 483.94255275664494 396.24486688555555 236.21836442228937 122.01856346513875 549.7291275680336 
613.521192676793 498.7493627109952 393.8353396721604 215.9995042051258 541.2396862357595 499.13695990429346 276.1759807244797 64.7635972300579 405.84897232201286 267.2043335638916 352.600788512303 184.27237427304294 386.5369811822114 25.947638105759022 245.96742030271238 44.3557421122089 161.06133894727876 114.64604263769299 396.7014768148194 516.328073090011 
399.85851325689896 573.3364440357218 474.8926895965176 108.55562774899586 417.0255346939501 334.74673228010386 109.81061433964992 438.7791572689339 136.76801849899692 319.7813442557056 570.4333903184087 114.28561525266726 283.9081864480468 482.65265670208765 180.58358434649205 141.02291064320127 257.04685923284774 201.75229873490494 402.2645497977329 332.7511261700243 
492.9728197135923 162.35584968733144 70.79142190373722 541.3241475182261 80.91359337923126 427.2548641123174 415.31006811453676 279.19541819104563 335.2212922544177 341.40977463100666 448.2981728503237 55.24160879722362 585.0871617865844 66.7176904640445 257.64186036689034 94.99785761926319 189.87885693178893 92.98859315727344 484.8818786006482 66.39835778292989 
538.6938500443629 21.223746172868843 223.22280583037957 582.1161579904649 342.72304596283294 465.2902534812039 518.8994058396067 199.59570626868464 479.01807395237665 68.08517702279516 409.4934101324505 389.8721780380262 594.2562559003571 178.28334040059647 182.79499146766145 496.27098831360973 427.09680536181787 483.7621437353763 289.8022027933477 254.08161428099496 
357.7221093299874 247.79762880315175 95.45251620697972 592.2991235873559 43.15784849435161 144.12512385776512 200.67993718887237 188.52740495064802 146.96559775496837 436.9584256256294 219.39157392386912 398.13781382222476 321.9018102770797 402.06124573673145 243.95748117625027 128.7768139630815 554.1368581471346 434.9646242690638 582.8072696122848 181.3166093011294 
527.627831748601 42.42414048858532 503.7275280232131 128.3423424593295 217.23890055878292 63.21054746596054 466.45370580527265 351.2696442157166 269.2030492437301 214.32770982600854 478.14998905949335 407.18639191708957 277.51882634956667 608.7515115442479 555.3713585800251 46.512170534754276 414.8758702934941 440.78353705054553 426.10112616526175 352.56961177883 
26.703060059168852 385.1131791432101 555.4580704652992 224.1608054461644 146.93291671890995 405.6820976729461 128.66657161800265 372.2430791177744 244.0761165984812 420.444588622691 374.8838882389639 151.7975326058371 56.199764558647196 618.1177383689211 165.47790002170098 299.9841717609641 123.40325691680758 173.0150434498536 370.3495176279095 201.67749742636084 
176.3854495381347 454.0573303929958 605.8930875944674 53.47617510253442 89.6968488608104 374.0546246350304 358.18875700853715 447.2805204097468 458.2706799655852 475.35276285335084 415.02068447101544 444.53172542521605 605.8264466362448 97.93855420443181 90.31442283985608 162.2063151131026 383.73982411016135 326.0971015040627 274.58774919382375 241.65989750508334 
268.9726380463126 359.7152621882165 295.00820045298116 321.4135672094472 419.65662288845266 306.3246142204228 118.65146939705896 584.9771376652243 96.92470868046746 139.97820629775583 382.55415644647553 404.802628774508 211.5837127958812 323.0543547032958 84.15464302684785 253.46188581614103 504.2219576507826 137.08147558453004 315.71606914973273 603.1421004907498 
417.34582944293356 118.6777201549164 376.3248010508278 84.55293565671127 268.13880345667985 146.69907526264595 345.05848327708156 126.3390290773853 80.43679451423239 476.68963870929935 348.91714600056105 46.09161797233137 184.51363974488535 568.7280312757724 109.11142171738886 314.0529926376179 43.270272739401165 304.76344473179336 99.30122141019571 60.60766844943957 
313.42149013844244 541.5352207311812 399.3790450318033 248.65380123186594 100.2741692356211 95.16965209414919 78.39132556241665 81.94884706164758 114.69029673189455 203.54789690845146 90.19185185793926 170.5230227833418 390.82900249800537 62.53839743733827 215.4207008341262 324.2543850233996 573.2610612997058 182.1880921271233 533.4027823187193 395.69930302354743 
132.04975682912487 458.9656204773455 57.55943158662829 143.2720492047887 214.39172745921132 410.1506615448364 317.92699644810665 235.86727831201023 591.4116925349583 166.4629947649814 224.37610871484557 70.01907881738477 308.70471885147833 369.0250617632682 494.12538574825777 220.69044342847502 599.2197875518366 466.75170277703035 77.14327426661421 96.78682896818634 
367.0783881499342 460.26101176336914 163.03192963680465 122.48760329864093 500.92199378866616 488.39981841027065 302.9865969582236 515.4891255520438 425.3820326799381 603.4777545379477 130.42467773719517 283.25315452260014 449.26620536641553 231.30351592543624 513.8777472937642 208.35441641917302 219.05482980681654 562.1171563500678 525.74061282195 544.0210581251811 
536.3010147507903 68.51207404868232 560.4710929876878 490.96166964392745 347.5283836383258 496.4405497399434 485.8341306582815 76.57271363456914 65.22013607868959 25.396509827664666 460.78414763535545 407.62003230587396 328.4931110293079 243.86926216580213 203.57935580314523 217.48832768750208 462.05072366621016 336.16206128930247 443.72169663565006 579.0921469651596 
442.00837301122465 26.669004622303 241.31622629249793 404.54230019180125 127.18528618485837 577.704389259123 207.44373000575794 302.6613806420268 464.45628459134343 486.97788330804593 209.14021758465944 115.44217654105161 126.75745131582633 80.80954751601841 92.57713291428523 204.54265784643871 392.3393236209821 549.178289152029 108.03595162693965 508.91139386919883 
23.861415479443565 518.6976274051018 270.271075818182 544.6370720014022 455.9217521438564 609.6124103891975 437.85446305776225 68.11586157819713 349.61524404269215 172.91026913363865 45.09618914009233 273.63039595939335 122.71463117746134 553.6416140542439 170.13422536229905 146.43416603233624 614.0677671949305 576.5418385843802 572.7875269564781 142.43505798809474 
590.8047820850063 100.04949522798346 85.76598615544616 315.5716274070132 356.94936206446755 34.81433670152299 492.831163234326 563.976159900383 272.02728773620413 572.7886879136198 377.50129983343294 616.0179985855759 538.2664556730996 122.99620685218393 375.8946843669874 527.3210411198985 364.9819223772199 600.0715045981276 617.3047978271996 209.84906091409576 
168.73970849547317 261.66466912447703 86.10128743651205 264.1527150176281 417.8932285778344 440.80415862958966 588.5502456313747 535.8718351821216 480.08600826337715 469.31198836389285 158.14776583441844 167.5869674131269 381.31439771801365 238.3649404494065 483.06036425711045 67.1136179357887 135.14422484113211 592.2954300788207 289.2661542531369 463.33326476187585 
450.6748601365696 301.725994521854 162.99035799424934 170.65469560178667 377.8446948796381 512.1309086855615 46.029117984743166 133.19940497354946 198.6716341157439 113.91890706736365 187.55516189386375 169.80496440995253 23.022396015945915 430.1305024364184 285.99918040429844 190.93990639084532 297.5044292313657 567.8440017815144 104.60058331475757 508.62407613487875 
386.0740207247245 329.3835981024005 194.2215874721192 210.44806787365002 530.9545800645069 129.42349106122944 307.0180201391942 518.7855164582361 52.458641367587845 114.081875516915 434.56101936135076 406.29199950188115 396.3075197019901 228.09822792832293 554.0030283491028 88.78436114195618 187.04218548735102 126.18800234034207 115.88200168934698 566.5941276883385 
196.11924453093434 374.66828663816364 257.1576182633553 135.48878600819404 283.2857436989571 539.4481061007211 473.07304764529664 338.2546887916246 519.8264082291216 106.47735856240848 231.43629284715965 378.0353262557247 252.27744642652118 530.747920692534 562.9146159507138 564.5187686646476 415.2001209471057 259.94074429873785 210.93587726740304 114.0678985238161 
151.60831628819398 528.8127637957782 274.7907281906001 574.8872859997113 549.6435922628625 270.4172236395392 229.52900111314287 498.320527589052 254.09162674226457 40.25128710080264 156.24447350304553 127.37156631266946 261.3335419130607 199.42463799664884 166.34145232831776 223.543943097993 556.3262363810826 352.9428607581046 153.37710111392732 303.0917345539143 
200.20518607597234 589.1992076338944 156.07318380960749 503.775746822336 27.103509952491073 416.76877533737263 566.09096446726 53.21891293515047 58.78120600772401 444.59856135569623 364.16311125024185 459.95450359409165 95.6580809186271 601.6872657661226 118.17619625179137 98.2610228062809 92.84431905227859 242.34865299531356 426.7976977594093 607.877438526048 
79.76230803059386 233.1521203194645 442.24114561628284 79.69250797713693 131.95359954664343 67.63426518939448 55.76321349855691 348.5020132087684 453.6645555591068 604.8752009964297 479.4865015775513 63.92765314862286 579.8046524393164 378.0333641893849 508.14175527120045 560.5911618370557 455.87109601543835 568.9325847102155 294.32325908346616 98.63775226313084 
304.4334026935085 294.79515818829844 20.85112888425678 195.70226326180273 536.7719169946067 603.2145979835971 203.83436232801142 521.4120239562149 118.26376422569338 321.46197092155853 310.02828582686146 375.52000542942466 346.1101862716494 56.21941881407662 322.08013707712274 320.7621981136007 147.99893356963076 189.8347472576272 435.25667636488924 91.53278011065287 
360.29545114690444 469.1906167476827 219.24744495007246 449.47093893642113 394.3565809571108 533.2824277068866 528.637344707591 607.0530504831803 249.56066591761308 275.59828694459776 195.642617770933 390.28399275596917 581.6476124799908 287.3950264458813 88.70360084345776 261.58130264785007 284.96288207295663 377.96403304646816 270.5281496383758 273.94602036483127 
197.1988743724374 317.98043520866554 139.17964902492355 377.5138180068503 85.22776661541508 502.02967814599316 185.803052836491 449.5803060893823 220.61939261167353 376.4049932783884 552.5829002106543 369.1941905079933 403.4378188683463 428.26969044774626 124.52708769299952 607.4120977344813 242.91060828311205 482.27784593086045 38.669955054381646 354.30862898821465 
453.56434388431387 400.74738173475816 44.288656278486066 553.8357606846516 275.4201661453867 433.47898851208873 297.72642284316703 167.62489709479513 76.84319586520827 413.3149188739967 325.4164806460578 538.8256969879122 348.63947544235225 143.53113473057942 238.70048250778387 477.0751545348607 447.99425136102764 473.15692037297686 434.0350164375975 235.69091766355243 
600.845208364941 506.3152258801254 362.18015441277703 302.18238225842464 21.28467930254137 341.67800902641545 99.96362420835182 273.1734783402226 356.5842578356024 288.12983580293576 208.21437680351573 234.83075367319105 416.43585140564596 252.73394961401638 309.4594761181142 619.8906396435406 95.0026776460842 147.0941720797656 568.9777572701382 262.37955403011466 
344.37415669796536 508.2066353999387 212.80427398492398 321.120667396598 608.0182786131231 279.89496401969143 566.2791556905798 293.12099219654027 72.82541171365851 250.92274909036337 446.7346222390883 87.93258108739859 248.33698357005935 395.8769915803717 93.91396007188614 84.08168576985351 531.753147988382 514.9162636520465 571.7161943583278 238.65946168292598 
167.31289202054174 518.4774474437704 124.8601312857316 71.1679938752276 358.6405488666409 453.03460864827326 524.0616793729989 292.71561830317825 442.65222879791 514.0039936665479 583.3180032871019 401.65492495621726 183.61621890580983 241.88864067301245 382.89245926756314 516.7574841150672 595.9608593355202 447.75659784173376 281.5938432864841 269.01896377502226 
54.42366517741944 164.14631506525822 551.9439770451648 323.18825485722795 600.1356889427476 267.4930906571568 421.8271048203434 250.11460751604912 501.23447705466356 368.17018854366256 256.21497873960425 421.006274466088 276.5997896244734 314.2385208465516 562.5615033599854 144.69457970033136 341.3053967111048 404.9985515957816 53.46037456484625 618.9971275700574 
382.3812052702246 560.4382047153304 550.1598116407939 417.27384261021416 523.4789629358473 42.67045437248913 260.5279203677413 181.26963107682388 287.0356184972485 75.45454623694286 315.06242388567574 341.33741269465276 512.5280456599082 457.89434445561074 394.5386791508256 435.13535381483564 339.4126601004531 618.4076947750482 232.88957716400225 345.8918314336269 
113.34407002811251 105.06057130863516 528.911141965792 331.33212467485396 224.26604439349575 258.35972303676624 550.3874936366028 464.3604391831691 434.9689970717373 562.5975204820398 64.229146758432 256.5910509243018 208.7074008009175 121.84283934707017 176.21808158859204 585.8223670643869 94.47104757085918 456.6716413237831 213.95359963539823 598.5474981995919 
178.50390451933583 567.7311469763473 536.5925484075503 408.5953586551879 160.66420039884372 562.231104444411 304.977824209199 162.99571478170117 364.2196391924702 289.456232153077 395.7486796379004 596.1622382004256 137.67138935305556 581.3932543396676 193.0268206533737 143.48714932882274 457.2006692482584 444.56650476570167 541.271877988792 35.44117286196125 
288.3315549339806 499.17580799677586 92.90009025102468 143.2726811131669 415.4039515381665 311.6302515205573 34.25992206236329 297.3996977162035 397.4502962629048 216.57183077682927 523.5583607128317 349.58847218926513 259.0698672316221 374.4824864924808 524.3316012645682 200.01249008808082 74.89439582939858 160.9684225180675 268.05400215817804 560.2855800745789 
356.23867347891223 533.8154783686897 329.4789095038381 573.5628708697047 298.53007848780874 173.9091540931724 448.3051829332175 562.8033979976366 98.11053956641747 346.1131555516093 180.7631597757949 328.28806411616216 497.0049108254416 576.2002857130211 614.7137965583237 365.4867573108101 64.24937767055641 389.9291253700953 531.8547469427642 324.36822832948303 
472.3736225343837 310.3607178030669 350.62713745317774 581.2467948857443 177.6305978505417 259.5084996240299 333.4167151702828 344.25919237555576 262.5675502736211 260.41569680408725 91.64330308775335 263.5656704280562 149.53225530849429 85.75351305124799 572.3320182618908 267.36898097061146 43.707851542952454 49.03423566416474 259.76037173303143 294.8448878421451 
114.27036328718069 484.53276931390207 275.77460253231015 347.0781163262312 372.2625198611339 612.0103697213074 212.36935134109527 27.09743075248801 553.777598235108 32.33443189900163 280.1241825789088 290.1035573720763 67.04709843024469 250.08803787033344 306.0908056772914 74.98370771106823 612.0259649732184 169.2629531314248 64.72477700667397 438.20653136619836 
431.06915934149754 58.129861705272795 175.45528734455797 161.19113274735602 499.293193875415 429.37968551622595 550.4870175177408 552.2439941423781 513.2165796149341 431.62953206464044 126.42752852608947 114.15754242651298 486.2727672449103 498.38721894804775 563.3342090137348 98.5639648636492 509.7894486701136 350.56803096734785 544.7743313318077 118.13833765711384 
388.02784757764334 398.6574393172883 462.4920915370945 337.7444447093655 405.8758620376541 340.6136040026351 219.27626950735004 515.6173547187338 437.7888081994281 301.6033576868556 33.62239792869258 115.67626371263663 156.57137332385764 411.6654340001903 479.78305398407696 262.0615146832316 250.59470155295867 267.39470556916115 546.8001490872236 56.9895294126994 
508.0422519499166 473.741109857772 450.11279919856355 333.01921993729275 376.7782493922748 212.0172113667336 479.3347270634966 460.82395895417255 558.4324080849012 530.2078145304138 515.7948191426603 383.56248439518436 145.29477062708463 401.6757412607356 203.43460529022408 398.942839823339 158.61423064168875 348.357272414344 506.6564046493083 360.0728018720731 
496.8947830663909 374.5410944410105 338.7159549943797 116.19080250573747 252.78294047483004 107.32448741806238 94.25318405310213 164.37083755452355 107.14032823525437 189.84055549567094 69.55492662644608 433.29534695053536 258.8949460483242 523.3501331397704 504.1433130947657 70.18974140249992 99.26512208270458 104.29226207475942 527.2836465396897 52.012127312030735 
588.9497143053309 352.38682313892525 43.005382310825965 391.9923651148205 246.8783751186066 175.88324924717946 337.2300943223515 62.613865328181234 409.1155903636108 570.0489886106654 540.6001089637138 106.13209208541821 166.51241161958635 94.99131807239556 430.6015702101089 353.7232812564678 539.699257582658 528.9066361543591 406.57572857567135 124.35751727887315 
400.0140387301815 142.85055404331402 421.21206103284857 224.48945675145677 394.95890505774764 193.12279341129454 402.11719782517713 119.66081162232582 86.77963416678065 577.3606786846286 47.05321412310355 499.1081616555164 62.7613126472753 350.43469174534505 226.4390791657823 604.469855850391 525.8340285202719 346.24015831070847 576.709165055317 243.68586307074045 
24.082509316560557 501.47869937765483 618.1222546888591 361.1841482734201 527.7531061614792 227.52300288780248 480.61511639791837 385.4475016486981 612.3522953707612 126.45906308987219 471.29426806458093 325.05443729528025 56.43012027903818 497.39928629299993 67.15956466020106 134.28799486487418 312.6424542333103 29.160355677919107 66.65359407447681 419.40610997308863 
460.68586063051043 25.399598076318668 383.63040342176794 306.6674717481496 400.6987387064952 458.3036425673426 517.3375004594318 443.20632320785694 395.72249966315013 96.92299310213106 282.0046925381698 51.85031506124185 21.81660936243775 506.2464525268651 329.6337121895078 510.97488203639415 334.42114829676154 63.10891739720184 349.5821873000561 480.4879528175795 
609.560693772035 285.02651224700105 178.53585580384063 145.03891419830026 368.4832778308407 118.05270340363708 204.46266777896832 495.54530525729274 144.3280783305728 179.74912408433133 598.1426167653905 520.1312381600371 599.4157978696264 103.36494309078124 255.86697448246562 125.57111527008784 351.7552046922414 479.3184328405973 86.90068582646651 560.3325095326979 
219.35989308307626 40.074573523172965 429.3017726703199 260.31190745514874 140.96867926759475 484.5123625295441 527.6913647649227 388.3570788282462 381.76368585898854 287.8756704142109 356.56814814979595 288.66978592443803 182.67969627060955 393.40128124604144 422.7610594787928 427.1826633722409 361.8985594433852 431.71801672075594 130.6138602064287 539.0039233279024 
327.1223470065961 264.1104969554953 243.49540562950645 54.02373055503134 507.2192265057716 195.74147757110657 125.22938131040111 221.77587074068396 361.83549800622654 554.9264188006601 395.0372011772738 306.6486415952567 277.56769959146663 284.5540429455507 179.58776383165684 174.53850512805602 209.28860904459475 341.7465761508312 495.7480787534117 142.04050664181676 
75.2207387779101 451.85364092750376 247.6280968352861 509.2688602572414 464.3511736505742 112.87323164286481 271.513922339961 347.4018629730232 564.7813889726704 496.39377069906675 412.28283458912944 62.044559424168185 571.6059832721497 441.1508877273653 564.8940506083368 403.5030466528292 382.91390500846194 285.29273623393357 564.5488671434995 345.06417633059255 
342.50604075413776 433.4474766136661 559.1140909210885 600.3743425807562 337.9227753205609 304.68682490447225 47.40226592779251 501.01117989476427 312.3754226416344 457.47931855022506 516.9027093996599 105.34184588029181 599.1752049468037 37.727059964065276 564.5568876482748 359.7617088647963 37.25360304122094 445.97978138520625 134.1720137738663 283.4071195623786 
176.36756299953248 469.9198085366564 54.06659955857967 497.4361002388146 30.583788892774226 78.21180681013996 608.5416692462243 369.9705992901612 188.63539674848505 221.81108865131065 26.771389853468435 197.7941580808443 439.74490455366555 538.8240484768025 522.7069106554152 195.89868713046312 423.50737441284434 609.0146870804978 269.5871262573926 215.9741403806901 
362.4272480470887 354.05084103438696 242.65013354415174 64.93470863557955 285.7028482084125 129.58392257920823 413.6391013886557 444.5755399537325 502.8520737843756 605.255906209648 130.69636364478492 483.45346950483275 235.77324775628114 278.72729145336564 267.23935148813166 582.0856191475056 467.83473966308014 619.8198093410663 73.41237679488655 242.55970239853355 
418.58712950941225 190.86770488489267 413.70767251661414 503.64961341843633 602.6917180541719 39.3711440152925 24.349706211270245 352.5301937979754 381.6590744221098 209.04568011164648 374.0364274981157 34.18481388512003 266.9913589196306 365.3614939796987 61.63119290562669 329.59965796668786 183.32229528158172 281.6660697198273 34.399104875980505 223.83828298896984 
50.148338005214285 281.98414103860296 260.38151286556456 335.090389305386 190.74498499403143 86.58866432498647 438.50256976728036 425.7883865465253 426.8618839857197 56.43649658142307 80.00129208074952 466.88564392678586 467.79043711771766 582.5625658236218 44.783182459082994 476.39005725679954 152.39778903308058 316.5263237979853 566.2850105798175 503.2467817427226 
52.72086264706018 88.00417475316726 548.446520396036 477.66381201540787 97.71413575207944 305.6216656443689 68.38275359259141 398.9741735339214 25.745041628589973 187.1191270365061 368.3509495284301 282.1285006837353 224.43073601332483 114.94458137729947 570.6055282056534 33.911770184407125 466.40968890933954 163.3677286058192 98.73496008411855 179.97783548697555 
199.64242920498975 593.208544135595 339.07448972809846 313.7956157125012 600.8345027252337 60.27444669931719 425.78812818349746 88.60065186720891 350.57602085624103 33.59971861573381 183.21387660179045 523.4458347118265 38.79107941376377 69.58086327452273 609.0659670480981 544.444914202565 259.0910538573395 538.1018103875075 232.08764938577482 32.302661936561954 
200.62548414457223 146.74251522119766 227.7485023999015 397.225470862817 96.02422005143252 359.16486682937096 125.57990981076814 452.3059820594944 234.02463413014164 153.7695453779928 291.7424692333655 506.47560777524245 195.37766700789317 118.71768546666333 520.4190775519844 148.1187506417772 320.6264093799668 229.41096318714364 417.6274473548948 540.4422708606443 
368.3509630487449 404.52399511559145 211.04582919064418 599.694166674298 72.47345076507656 486.68269827149595 169.44562723571931 577.3250869796374 457.2167697020031 43.88242324401955 565.3247412496411 317.1864938726395 118.31085549927805 337.7395139890855 64.33531793688877 608.8591431560648 29.040404866215958 154.6702271973237 175.09971329928368 608.2057587134018 
579.7274884051757 146.09051721471909 143.00831780579 46.24150172580075 509.24306869843844 473.73069541199584 421.5931577220723 97.41612404620935 337.1410654271585 106.15849233632393 605.0708752529363 528.4014379998971 455.008736695988 262.60439296058297 55.648898021977836 498.4779963959316 385.62705856518755 250.18300135153493 609.1885570037624 332.6144853786901 
468.5350016039286 490.6040681436786 92.81886061484435 538.333934010342 180.59128364858418 82.46716512790297 338.0947421934794 487.4601582767672 50.12749310936873 395.2334123539468 123.29345728190145 533.8383422421706 473.28625588643723 540.9683269923996 28.44293452996816 88.12351826168062 491.1381480138243 119.94942734301814 136.6758147485805 520.7307372184817 
336.17128190219256 186.23227231478708 465.50283441018166 314.0404001221282 306.747129717969 129.26872622668822 361.5996055194733 34.95299353977188 78.11636424834472 317.6713572423759 442.70007711274354 48.886445387094 308.5886250065394 101.21739718950458 20.190842067651452 446.3102228512698 149.4497529983432 117.18635436118865 485.99982929171944 202.90983153724216 
617.2203259084152 597.1247562241732 97.37316499176853 544.4753414009659 536.8493366406918 120.13199293178963 543.1340336651898 237.60783548936183 114.43659216152638 608.7607966808037 225.0171213496124 77.33751880935094 348.0777426351396 513.626305458488 337.67252988638944 392.7470748916713 435.42553121104856 282.8173490370392 180.93298166292422 141.6942979444913 
286.56119680479316 562.2036867146008 287.93776102477227 315.7274853445095 400.7696336426734 122.73307158847712 302.7075292172741 126.28749766114929 515.8121192124123 60.81174121969553 290.76340093312575 393.29017212721436 388.2903440305596 567.8621513599735 516.3843701518098 507.18284028942065 213.69549675402027 115.15182529149872 270.0965493432167 85.56881903645422 
144.7362140424484 449.9867465302708 79.9881621998823 395.4933441060233 316.53899223669583 549.3634311939657 390.4438925509713 162.4850343156234 537.3149551966748 27.17315695890397 141.89253409278132 337.44642267371006 153.08675864810803 241.05220327513783 35.16143183018595 142.48731628056743 545.069127520521 494.9718345740929 414.03173585971723 466.7948564516934 
268.2971150799859 83.66179620116205 49.588016503231245 233.63385768870847 590.0956205721074 274.9610503373393 459.95606025718325 309.5713639858329 336.9838741991506 476.18945458706463 149.0226593170084 277.01900556728793 508.6089223554683 380.6343116620438 497.73102191665413 541.1870096070485 267.30142408412223 240.24529167253934 191.54562965380836 192.54356872570565 
261.8480375480182 560.6316509855474 217.68028079957466 395.8733537606441 594.0736136011328 264.4554503270317 215.68314129279273 427.0288254304593 86.82731879095785 319.3145038626528 114.97230548929167 28.46831467410216 61.966356382927316 176.20884687077967 142.91598787961453 304.6742625351237 386.9308578851017 314.684431390481 237.05078079027598 328.5458352406661 
298.50398470279083 340.7477972251501 45.03181765014444 579.8591310019879 462.3507364054665 233.6455662652563 245.90878198637714 486.88926124139374 476.92935771415017 487.6023331672932 76.32114128561588 292.2876434717638 580.369041857305 44.610849526247904 495.20674705054955 214.3084800795147 268.90771064470516 64.36824892224791 370.6171846578997 224.4780776319214 
485.48359125905705 127.45191940606604 222.234045640373 312.8008155567432 587.0743030596178 617.828971969816 603.1793763585347 61.595450107520705 49.377375563261964 580.7928713343847 354.7145069775856 99.05562057701655 617.4256918501738 302.42111054470735 117.42068905858305 353.62810509136654 560.7318366741422 606.6476521666254 432.4554998099277 380.30276894333724 
441.5549374019533 616.0437985293628 116.47864247433301 579.9079092594484 354.8838384810581 72.40133450676505 143.8409086721211 282.50466626810663 548.7303719035958 463.2117438621393 419.63014228243264 215.974325662915 83.32639002236414 550.1350163144069 377.1677873989134 230.89224938352893 337.81830083507555 45.55208327886926 83.54998064087023 102.7821475495153 
523.0531073686191 133.29448437691923 486.82676588610997 582.8445495689906 109.04925765587348 479.64494056978134 388.41319948147674 218.2530128139091 425.7465081024684 330.7027802274357 474.3262503327286 413.1121191087557 245.62818273196302 42.20776434770633 288.84102600130774 151.17068566580554 106.80992828882364 137.91628852911012 584.1602962648709 351.3841736584812 
285.18828063244723 542.623396153734 229.69078715460398 177.42001163861053 274.2432988638031 385.9247547273256 414.52033762559415 172.1994459502039 581.0885692068945 122.81190019276161 226.6893516401483 238.569782867049 597.3626070988478 67.19495927860731 242.85055288371225 437.20084471311486 253.55529478695632 384.4461502285841 311.9105151264145 122.79916047623989 
115.36312807663074 539.058178096342 66.24706932720413 89.73386963628818 130.66703022798782 543.5110976426047 44.09597555698923 548.167989358351 385.7264306491091 504.44138003947256 256.70088484182173 501.7887153181404 179.18348708310572 512.2069665253255 383.8201712275155 48.23076840837122 272.47105505970546 69.94218379590853 531.1844937638541 73.28615807993503 
125.21819837187958 608.1959600582203 433.49878046848323 559.99446844398 74.24706339529561 381.2475249868217 536.5823553878464 83.70719435089367 564.754808193101 591.1928849876913 142.241075158844 414.2199966438361 292.27425276162995 335.89618995401827 549.4650486670796 496.06648873944306 64.00721405079162 126.89950196612874 275.54591796408 228.06751761066005 
138.1240803560192 273.3848988356549 190.70718910273678 413.2294306249211 549.6234143719539 378.2825347048496 549.8415865830071 400.08537624925356 281.3454747808715 342.61838049478575 254.94907652931266 486.5730630202956 288.73313721198593 424.1955927487708 431.8693043039088 107.542957735583 536.9342787882251 446.7029877955569 154.9021766142826 376.9907093623096 
558.8391473297495 205.34464577460025 502.91051710313366 506.1071671821922 592.6464977988604 265.08416168108346 280.49822596565605 568.2403742249754 507.55239703517947 97.59742939215639 487.85800222277817 431.86264075865546 476.1552424372845 253.02766805708913 572.8821798944849 432.636895604675 302.17088222863606 412.63646505408235 249.13057129898905 505.6758447292616 
462.05152154478026 318.44452254468814 413.2489000143143 49.08778172164246 269.10221704304416 525.9559399431146 445.4317033170138 339.90277183528696 118.68867556414574 76.0596969796253 126.52350568165336 73.47290668141373 523.1300477882271 332.20220096774636 155.35177211687179 547.4404987724099 394.8706425211058 378.9245406027493 199.88566196871625 561.3678638305673 
186.52409609106 127.85819814241351 165.8141411408963 253.12243936037754 46.38390014020082 427.27306346321427 316.1373616039466 243.1111153875561 97.994041337817 421.27145266910657 225.36491531677385 607.4573336380602 502.3732673794375 354.7218093431609 301.9147239110813 151.2148891747967 311.48714854139615 170.0259475814159 162.3065154789708 202.71203993911854 
271.5612926924497 591.8135551323383 290.7433145380882 500.11979115957985 484.8296282223772 345.65765931906094 367.67499039192836 91.33801818957583 188.31156429429802 106.9048321823207 400.9373748962835 118.29322768111541 458.2116791300802 525.7139313985807 143.06099037910343 106.74166088948458 598.5356697396575 424.39705059324695 228.342715440469 532.671543486398 
122.51643285069423 213.1565068959026 213.27463054562196 586.398208028139 385.4438986907084 120.31149912433428 253.92338454879945 605.4458532231504 77.49249184844018 383.10838514367947 103.8540334881719 197.30959909034965 535.1397916927439 495.20804638458003 66.19210853203015 23.191749674127962 379.77035151241046 156.94440876607786 283.4175649031808 363.80592687765505 
542.0582801476361 524.4475567146961 298.4844446576172 538.342678626411 80.72241563644198 303.72551399579396 370.85994537756073 397.690721132237 554.2477617019861 585.7981056968947 181.07670530319825 463.00703849021414 254.16697637093705 68.97690802384882 307.39201037425426 430.73000384901053 558.495766833133 264.3849461186945 608.1476487691064 115.12910748522437 
613.9156982007503 230.80982916534035 593.4242569933805 449.48497769508765 505.2984625021823 134.9842109797014 419.5838339319034 516.9936508729719 221.16506639502342 83.38715359170408 90.29414621654288 532.4885844650815 473.6739168781315 21.66034013031833 597.628875667398 446.0743646974276 181.7314378307503 47.732683226595185 86.83716510464723 189.76575922866127 
575.8190223150801 34.747288656913724 478.3763194111986 538.2259280460587 233.12994899992827 609.8842891489757 530.8015640126105 104.6974472255858 301.61026880750467 485.1735214837969 78.10630025969388 343.2199991074714 321.49707109392443 286.39065569355165 125.1069699866372 578.2283879785629 602.9482204021016 376.1306198484133 434.46598214111 32.62474822393938 
268.35699544933755 117.15192476190096 588.9466483562968 575.4185638059223 617.9457169179403 172.08584386658475 462.49373682351074 460.0283168591243 227.23174653734537 585.6039944751298 383.73352428011145 74.3385496625664 134.95992167433303 145.13824438609294 225.4870314673011 73.6059476711331 430.0950180261869 266.24656604537563 403.89005812196825 617.3084469144628 
296.46799617934965 598.7186594047334 120.71413648094413 381.0308169833507 523.6697989720074 99.51505062486477 332.48169302641196 164.48070950071872 442.7865671818693 68.6334207092545 479.96951509909127 466.7287618780262 595.5697409642315 393.99604555988026 361.69418314685214 549.7666255547715 395.6350620830892 201.45178414622475 84.97303326392567 61.476593458577085 
590.2842081109385 455.98675108855605 178.15469970867434 239.1065841247987 81.54255954997099 210.23711481727022 497.61278864404204 64.3442689718608 215.00719314851992 546.3979743249746 313.09651374157863 291.084086760213 395.09860683580854 407.62189425390375 305.0319298297774 216.98080209100817 235.30994321342928 465.0010021615167 157.36767122354257 419.88352631598264 
202.047677472487 116.226348406272 579.558906911447 230.24383536289656 60.657237161492944 462.01815086448244 141.2831554870443 460.5916927416432 582.2274257966268 456.4209601963735 253.48179270030133 463.1731028080285 319.7675424225506 577.0571220030871 579.3210330962138 336.8430282067418 412.3506265509012 311.4326654700707 308.6660800358727 54.307509981567044 
525.8168859875349 505.38905295312156 479.6621942746049 30.808644973758863 388.6309202599356 169.7947546996377 281.01645138837847 605.3460863053833 531.4864261169444 291.5703200898071 218.57392481205068 455.5290926074629 189.25231520695522 345.1406279583411 579.7821139544808 117.15253697986694 73.85383652942109 350.40818854715974 579.6371976918941 129.59087899104654 
476.6824415408335 473.34120200137573 121.70604446322666 278.1037208109286 309.12839131172166 515.2700805560972 257.81767102754804 554.1467317379974 439.82946363622455 586.9861795595295 380.0178441788273 404.7817186760698 437.22985336809484 213.73663670487625 528.3805934740615 192.27956870726754 176.04285187245753 467.208890272934 548.2704678508317 535.0097742614637 
516.2110457096599 70.59862823638585 580.6492192536872 150.71034302462957 412.95787525039236 572.8551011259033 319.0205896832293 173.23189696367692 566.5242352238889 438.1974119282636 616.6071753599392 263.84949885966535 470.18384613967623 46.99542534394965 377.3528074881596 188.23626553682908 465.13123504687553 154.10936117962243 414.3445082488902 280.1922212426719 
160.83602327908417 500.78150409656024 309.24755538412586 363.2223654299667 329.45723000874113 26.17390226547634 256.3474681322358 451.05752015461826 532.9114457211955 274.6459654760832 224.79275633115003 98.21189110708823 491.188472673672 544.8653301024495 322.6320264017804 21.67091196169118 150.508362445277 476.846165223073 396.2392904987936 164.80333735389908 
159.91350575776488 123.00837223333193 48.72122006265707 524.5910155891625 414.8894588040509 299.3515795579908 410.9000961827595 413.2704628555797 476.6084071333489 162.83757702640122 148.46614883169764 375.47972815845134 425.38886639330127 511.07505128493733 538.8931401985391 332.00435335431575 256.9655433297221 450.400315983141 401.71080818523467 271.21630642281247 
280.1628714077009 428.44772376452835 215.72808340851716 359.29937495923446 324.56623833200393 177.30367284560285 106.8006287162331 490.35510813248897 516.7844064194765 63.33772981113799 539.7366726749757 47.48275385819352 533.8971028682458 89.80494681216301 297.9347173304031 595.9271050880399 392.6812942874747 548.3126757476458 284.34691735352254 579.3880014784928 
583.210153824904 65.24607831571157 227.36197462488056 40.585136589404016 105.4182039634936 139.24580885897814 125.20107267868795 537.1720465157092 117.22665673544834 215.83163526605517 412.4208783431021 574.0929435138348 52.822421013890676 495.2659621217591 382.11719311322634 223.47614088587972 219.68475839733216 419.7506771512682 547.4229910204028 553.1579159674806 
432.9532674535796 136.05131644320704 375.8946624628234 434.930445723718 595.7308336214018 379.642322654406 380.380258875563 53.60762156583641 283.91543464296836 576.4668060656899 299.96329395450715 188.00248071114697 544.1545595247903 508.40508784080515 254.57609747795436 284.91003834714525 463.5158403275313 238.54527889564866 506.87627297001524 297.1892176890771 
419.4678291260051 342.3499546828363 414.9801524315788 607.0376219588497 68.76448814728944 440.8125324562953 309.64685749749617 505.55300183671386 283.8273298986216 181.69720121454705 579.5068557754024 49.675014892117105 395.218824466835 364.9559885356201 197.9287245428393 67.60117077829187 248.80088116090204 258.41697096445444 75.11771998545869 33.770589989414475 
536.1720976752646 499.83709146633015 569.0402083697898 284.5094476131574 406.9776062972572 131.413586136834 38.76737404906849 195.4316985850341 521.6852237473522 462.8475686185153 273.8322025810848 291.68906763606486 53.42168500169762 409.05366265603516 183.19337290361415 212.16372609657964 297.4626095711487 498.60936982076106 77.39980203653226 198.69770580291086 
96.97008340427767 499.0379063744166 27.549722125340953 131.4527628424342 243.57157194378695 355.0183438242355 534.6377695446498 481.49409318319994 561.3738284567404 485.6166932619138 92.88421174550027 101.69223430203412 533.005624926747 36.631727805673364 580.6396708656736 327.0363626323733 76.28310820931179 234.14939334410462 362.4594206130351 405.4530750765507 
230.09139863211402 335.39932026915443 135.94078084394698 30.224253324106726 58.07622033038385 223.007460740513 506.91751200321494 295.0977818261072 28.739435308991883 438.7384222832948 426.6048009028266 543.1849729768988 80.53206041505223 202.8212585107137 374.28881600187015 130.73819766203505 530.5386258016074 114.95256940559382 519.1542672026973 476.90283847435626 
335.3465747656007 183.07059595649537 444.8440958472146 520.5369519982469 562.6944786040864 175.99397829801296 570.3446718138405 455.19264570534483 82.49280660501924 446.01912590157866 150.79057422517812 563.3527838494934 35.81104716831352 317.5697393262269 91.78244442565065 121.01685356062356 190.42479053341245 287.9923560797287 360.81179551417125 293.7295831736146 
441.516734511947 36.59173279080408 529.3865934265227 95.14639880168016 466.12514770580196 587.9995205004222 129.45111387290933 429.22904743977165 289.93372925742824 525.970389489722 457.69411811312176 187.1654413151082 474.9964309051556 303.699091745 611.338954692791 320.10732446157624 186.99122956417867 46.75214809072255 489.00920544007715 158.81963295082397 
550.5962597437771 394.70821582524997 240.2639611735421 401.3351631678397 451.58246836502826 477.6005690803714 197.3961263734855 339.7083703900058 294.2161431750458 473.25567174341927 73.08772650878193 446.9620238161287 572.5654013260786 141.62137798107145 557.5159078441416 595.3205626561763 264.3041100149111 482.1787714960502 398.50333072858444 526.8237408474251 
205.6072318735834 210.5311115006001 198.30676688945405 347.4143915967033 555.7310804179158 500.26390100830173 310.637650906594 165.59413624289493 209.8725900035672 386.1696035426335 171.5082667509101 546.7406138295348 168.9009291339179 174.93088528303812 547.4974223799544 204.18021234385253 424.5555749805524 359.3561635567622 135.02924410092106 98.10975731268842 
468.70437912630825 482.2610123617968 294.25899286752275 463.4612057668661 485.25545181902316 146.08952322391963 51.159485047306546 237.80293984524417 433.31660485231964 314.36890832261355 251.4019438299537 110.37134595181232 380.1961133063343 201.09157382896547 499.6251186229803 363.3265911317901 192.83855861647183 194.11806214902873 267.6862706176176 426.32632281322856 
446.2893835629889 408.6947736210188 105.48783057884792 615.5107878376741 557.7821317558617 217.180201635953 237.97352820805364 77.99361101645819 505.0419262118189 51.07338162373247 581.8877320770285 112.95139386004361 37.39898525440879 321.43834598880323 365.89158937543635 590.4064586536101 238.30600302523138 253.81837037401448 487.63005762798616 138.79597452223373 
447.853107900586 183.73363793392326 491.3431717542496 122.42165207804061 503.8739981138993 208.8561919327799 199.6156073349517 579.8734086955819 410.2372763322197 243.95589722576017 582.8581561489087 444.5210256049196 490.9165601354025 74.71115129857651 400.11486639041027 118.16730166668167 438.43308169223434 556.4779983688079 294.7896469154992 418.95672054823 
615.2646709768549 54.11166885602841 378.8859851089367 474.63309593206236 116.81479558658943 168.93389821073274 289.35369841971004 282.24022488663775 54.535341398177486 148.9401949306358 50.136346805129335 605.3590095603982 267.79702617057916 328.3404609281761 223.51297132151473 229.97510862161454 23.101081157514905 292.5269239714266 584.3281392590392 350.07060095657044 
209.22602578269323 414.5630669941903 300.7038940035055 204.03355764582477 486.90316597053425 559.2872770690209 354.82737991624674 32.979223778134454 601.6148155289297 101.12495695347401 87.40783429224638 582.0766033037654 218.10859848559704 551.7030142283096 299.3969178533437 515.9741261350342 185.2220418809411 243.3602071873968 294.565803145369 469.41817728476025 
489.61081244863374 64.64729379048114 396.5330951140877 404.1583415940584 506.97459658045074 393.91069082633175 23.83704346193334 493.2328800895997 109.37423181643209 127.05331690617771 156.64612553075636 303.7283943397799 337.2339506761093 445.5665276006287 578.701329672466 199.1074228376919 94.62242106778369 520.9267492847622 428.08431173010877 32.197563682123615 
476.4062786887127 101.45052777959366 540.4049468162385 549.9359882838835 285.8701083444376 77.70198727491987 218.00195280245637 480.96312365295813 51.396314790252376 72.54616081189451 408.75059497494414 427.15917576882396 200.7989339003637 51.94208499231328 228.07100074837405 230.21721347488958 201.90495440784366 502.5694554690964 307.73086590525446 34.346775972033356 
227.97690150758476 72.38242743090777 205.0364701733978 416.2014238388743 456.57059678218354 520.1845498603778 56.0055019766274 103.12431735314402 460.4215998738018 170.3182344945879 606.1156504045423 150.80526439354173 98.95429553576359 418.56299413644126 102.22254917307623 201.44329934469812 469.0072343049496 185.33569478338742 479.24099038853535 193.5082397549764 
23.368578670038236 162.2868997599323 25.183042060681785 44.19521511451357 315.7153210911838 448.38698394419015 258.1467860118719 175.66576202472493 580.5500765723481 521.5956805325136 298.849618581853 506.16931472378496 106.7291742564054 442.2089306574381 172.29957596537153 477.13879699801754 513.1758462738892 533.9766759512331 422.1987741036913 437.354104210573 
185.37214443818428 539.0854598999496 571.6723579119496 55.26722171046022 281.22352159883104 593.0994557285138 313.91695588613555 380.5826476539061 464.88961436843215 515.9538179541955 266.3624327326208 126.18701402260496 477.1751595644789 65.09392617516914 471.94031468560524 291.5215336376966 401.07471072168886 546.8545121088093 381.05316742338033 198.4910998988105 
431.06483220631657 532.1721266877348 597.8382431342428 561.0036893987533 504.7377636234605 172.7250142241599 224.31935030753127 559.2339969611943 305.3699772389694 563.5938191581305 586.0407053651059 39.70483255251685 294.0196166366227 348.5371968705531 472.7763754919214 112.2802230262359 379.74652990483395 313.9758121911214 577.9092640059911 365.16380626568 
186.5485234753331 467.77856909428317 170.0731716304711 68.99642045020056 225.6077778958426 48.94501565923228 380.65187159711735 91.1465251844404 431.44094884119113 264.2772089935247 440.72886158394675 591.2872454572145 470.54696170010675 98.13533735382283 351.08143984371196 519.3537869282436 381.1460006903898 291.3704243965023 218.8131842684183 286.9749911575537 
252.60361590308898 135.5281579817701 444.2181017668818 133.47274798334044 203.13366827545042 78.4172891634332 491.4706831627495 57.52302919276542 264.3737274392271 487.1367376652805 126.73526063008399 135.5722472804395 531.4268525504909 264.65476453960196 557.2885944198952 198.10287778264154 286.9634917469399 366.0342544314889 55.24940328945607 384.84175840938883 
357.977041418536 610.3977050729043 399.50855528141176 50.00515098390184 513.7870736287161 534.7256579761292 419.4536556162614 438.6741537551651 63.88383098654116 185.58251216739885 474.08196739229055 505.39416117282013 364.2078050820439 494.8631911797803 450.09503975831706 596.0922760848257 290.4581095438518 35.65463643854336 412.56922512248843 64.4063043918957 
487.02340571681657 104.30578054236236 591.7955181770213 243.51914324183502 550.1291143704669 224.7997455858301 539.8826077294783 344.59224197161495 453.79476531333387 521.5220675481195 440.71685575241963 402.8919960541402 277.1950886838603 556.518669541533 506.8729560612254 342.7027309058082 242.0186416784182 577.3372731860652 547.069071968544 582.1200508751942 
218.417820356303 471.54613630660845 137.76008462575828 148.81831308697326 408.1439027607327 274.02372128230775 582.4628095144533 427.8859969910654 263.46084335562045 223.11318671504327 392.4069424383782 612.8226711765874 50.43171982700199 311.7352396913222 172.10533766903134 480.7913059488545 615.1714226087876 29.55339776674964 543.4375807610368 463.2197807505101 
61.659412185794764 342.2851487735282 291.84038269451895 532.8451874035338 599.7062999366218 504.2528295923911 268.19876233099205 178.29480060494652 571.6680105140944 450.2681456132083 130.03161089519642 87.29740158957908 216.50117870783035 462.9437273425757 355.56541324441906 309.6187056933223 79.7536684267595 161.52588281109206 514.2899833882839 20.814727251717585 
528.0838980385817 208.34195564967604 527.5897967955692 557.8966761051129 176.9027211231989 78.9562552626507 403.0447903620826 348.0012772597744 189.73155134745645 392.1282148361071 75.99440480113114 501.16022867558286 557.870610158329 445.66652456220373 541.95843187658 388.2624696826348 418.9710351757175 354.2729986359273 413.50866922780324 475.3031225188746 
223.1044105872629 535.4700709264662 185.18494967686857 435.0128107835163 104.92369435480272 439.70530684080813 240.04934660158398 506.9610161327031 370.5092152935856 370.7270900322686 381.47235919321014 427.2274139406287 557.4934600240149 192.3250189930553 423.7447137795784 598.7347821973423 277.0583183866872 267.5287743225706 325.1086610283392 123.33724108217675 
396.3988604780167 526.3592107576303 296.80244544421754 266.7577169973657 270.2469339176016 308.2255107522196 271.7116705128055 477.4681426316264 80.04875732263604 575.062024052863 66.22135660417564 30.60640753767914 89.38991035923094 41.29865240897109 518.862508866162 518.023593145225 174.26182035002725 316.7583993938932 39.34675529212602 355.5553591718552 
136.7630698120419 508.57606517544343 351.58297501106955 228.61122545978486 260.8297634849287 278.2315139866492 564.2696245064072 147.17540609451498 518.5882658125502 499.7915343686276 252.6564985269765 131.31310523620297 585.9243462723663 415.45396580549595 585.069584222767 498.27583764252887 575.8623072660884 534.4877676063984 477.7930090195008 272.299705665582 
148.34803808879002 271.66280647256866 511.90152171747417 188.19026275677894 405.02950263469717 471.26326659227647 495.6374670956587 109.78771197805413 527.6285998865003 112.77813236614607 105.92600196050886 34.40628860040583 468.49807024930107 44.36285771206956 192.62212400016506 204.34149929211486 151.9572392545402 340.16560499697715 79.08348043057183 196.53891945622343 
195.00023146188383 227.61209154876397 142.66259484942302 611.5184313259643 305.9706204280005 80.74263690200985 508.71218871181094 332.64759990738 69.79603581149772 325.6952296837215 41.6976337044962 476.85785033075166 378.3765996056347 54.42831905144232 567.0098403937602 507.89725545878605 314.72099420002655 92.77713617891438 407.0727311824671 333.2138342416459 
49.423716868223096 418.9371836464127 465.33895610881615 155.5627986278538 58.07747090387294 578.4688278710381 41.76734238120377 200.4317612798682 318.2143865831566 491.91656537886433 513.3762055682539 190.3775609504293 294.3697226628582 401.1368131176058 363.4659820459964 387.3684718993127 69.86193381673725 50.42790537041093 593.1051362776666 174.22547655833236 
133.8827949527098 348.55615193979725 98.47295004960209 496.2564259387589 482.4912845292136 107.77159098849894 347.6529728951241 434.1768966290963 442.10511003824666 405.9072777951994 440.47097775834044 529.4113230082232 174.08347495544402 467.65577410435753 384.9709999640835 432.86828057706964 168.99488538806034 311.11663015426865 574.1234421267193 198.28370019950813 
589.1638594717783 355.7086984061553 596.3587202460271 291.22558070159556 68.09013658153339 337.5408698927503 63.520447033931944 334.8541897262174 325.3341376485659 28.335040916731717 89.83176630108896 363.53132476261766 305.4626178657154 203.9950932424506 605.468597518638 105.37249460776562 299.64801720400726 58.915708922354895 238.33361449050065 364.83560659008583 
58.515418730109374 612.1245391509989 247.62458761143557 526.4401941560906 254.83077660990077 401.3516779281436 342.7909717607537 150.71061368824695 604.6242656732007 511.12021473369276 171.47241848074012 183.4372228028764 105.34241889525003 130.95136549078748 610.0129380274918 49.349089695825526 199.62272138570853 589.778255533143 340.1445195833215 251.29216978878262 
423.28470722037304 562.6618493826022 145.4339486294803 446.00648583293423 246.13093713373476 95.90293565010097 511.08650906894496 517.5962700745781 564.1518899965355 46.643818328211545 460.70043873812455 319.7867432201857 251.72835620281634 483.053528911144 313.5657320199158 508.0611535294037 132.42517366563584 541.1902776655974 396.10124313358284 432.7720592275251 
476.9699973639659 584.6348914331152 491.0235720551792 614.3203926292995 487.01092972889694 462.988996520472 157.84178946200166 71.49621316969113 573.2466178750404 415.3317611139712 208.27148712514256 524.0747547886813 586.5227477832742 514.7287277864136 370.16204474073834 240.76168827676665 510.48853697036947 99.88685898665571 323.53081867105385 53.581181676508606 
74.40708869641959 590.0491159741425 42.298085471468966 409.80060335086523 494.71324053804824 229.2227074993795 325.3163070937091 282.48561621654767 303.91281061145196 55.83444939213432 350.28764451870177 510.77934235024424 175.41678933663655 343.90721489614015 34.163416349502135 490.99947610605665 602.9044202600371 511.8510733742845 133.61919218920815 89.64692213397947 
442.8088295855891 44.962967582951755 369.19936485580337 199.41990349299218 278.5189735878566 527.7286031354258 206.7248778478021 309.3271296596402 314.8915680276318 32.02034223849395 479.5579208201981 609.9938221041782 61.66692520580442 57.284869199471046 585.317238192152 105.25443310431284 614.3822778392966 368.8143348511683 540.6379575232338 351.1256632436369 
291.3764930431211 430.19467139610424 527.5695425465224 593.2536266758383 335.4797243099184 476.02508433081937 315.20572832154306 223.9288992418798 338.9819897076494 221.00213131964836 490.1400389249997 29.763186762520192 400.47422865714987 551.4622918607978 379.3409194858687 451.1213083602404 172.1557405736009 495.47696064484103 299.03982817295076 24.402424357924396 
106.20156220397335 517.5931917735409 313.22645852225224 328.26396667989496 158.78382552529732 534.3144083710569 435.3445405303008 504.8823845869364 360.3405144550165 396.4144539292816 156.78207350603427 577.3440519121955 610.6856130644468 534.1789629908977 135.7497743834959 534.2604799220326 207.5542825936676 611.6677180845455 30.141509551353334 302.7013026681179 
167.17689455597684 186.09176935001554 407.9702480323178 480.5388794415062 145.47556170058579 118.3989614161128 618.9736572259987 249.29832541180787 518.4769896513369 31.161854075484044 260.98271364538255 438.6066228372105 530.5354206302236 459.8615159161609 24.647338101761058 63.3345926360303 368.95937138408715 493.66109251749367 250.11266469676187 604.5255530491337 
173.63587860874432 451.7629457649627 479.2397876734161 55.20422613683847 540.2461819766856 91.44289485262681 436.96468042153526 302.15993788670426 225.6662943120429 393.8556103375528 25.389027871320717 564.7974804508435 114.14651865907135 323.70464264115384 264.1967157443081 162.14981192926382 452.8634556651598 508.8709798995878 60.98985647637123 429.1459935103109 
115.4383330368461 136.09389819009004 45.1378851755131 553.228213049295 202.0154195369225 508.7977174034454 248.73366354369807 252.4118536899134 34.49421670030932 63.15838225166602 168.25022794346538 165.88197828227658 155.50918626643147 588.5034950921247 290.49199883917225 578.220344664345 89.75087190866738 148.1396261798956 116.43411014534745 448.356425378596 
376.2219720929277 546.7005950847774 466.5437874707143 64.33641725062401 530.022325463946 340.1104818295242 601.1773309723502 595.0037456939335 342.2563700616864 334.2552000665585 39.646502168440236 559.6850268158867 76.65696177052955 68.45626120959133 111.54816993743182 186.97511288846707 71.51919824025939 529.8405305449833 423.95084070846127 183.71507250011803 
405.5381739146487 294.6997517607667 578.0319057191182 185.25662813430114 236.14409335959513 42.933582803636774 218.75930634134085 508.1071930636758 168.92891439576547 541.6698435059071 251.21136541488866 176.04885596196357 366.75788117247583 344.1557849479649 407.1285615851074 540.8253076008982 457.1599354034808 200.0140586464774 495.2910079954796 568.4903486069708 
246.59069223683161 322.95726258911236 219.31538103923515 612.5118519459645 400.1616962882242 212.05468409149472 396.46490405832344 444.72468946988573 595.4297739501014 72.64498685705749 161.06648485154193 265.22675100414324 608.8401483320977 32.98877066955073 486.1283302481757 362.3113820252983 343.4171552968315 102.75451417039903 506.75212319789887 43.53028347062032 
356.29623141698426 369.43181573962795 278.9333046803602 208.9805439465926 394.6909899659268 478.7656172761369 357.34332683813574 287.90950366078056 198.8890781195748 595.3052051966317 125.68762974284294 209.73124998430896 380.87062701138717 189.16161533446606 563.232944447546 230.54853784667577 137.1429922885353 145.06742828268497 481.09790272301376 586.2737158230801 
104.38552081523608 39.83241645962968 611.9004622536435 93.4426165188806 216.4981886927722 584.2890428524422 86.35615004235393 168.81509492937465 571.6477791869672 375.8213755348423 580.4205568043394 488.8558023406005 267.90530715184 257.5713419185908 566.5702415611805 260.18924154756934 116.06859546866818 530.4158466018791 52.81534957510015 22.12253449343809 
288.26359833047815 413.8088064141597 343.0380715424236 252.32999727986095 310.9182919545703 301.5815147619491 302.2504751737958 396.792886596805 560.7029197780776 308.79536652337634 360.36550180408847 295.0883991110235 372.0301936720964 155.74048523611026 438.0749139694072 122.12153373063124 614.7094662171542 185.1742525340018 328.42797318308516 517.3935093646692 
150.34826546917907 458.8931072334857 417.70446844518494 522.9006118456548 326.09529219535693 429.7318062500598 179.17598647610376 100.75711346017434 614.3184185305345 35.083519216234436 423.349093382635 351.6361432258613 456.8114795795177 208.03482828186273 438.2842248697677 105.12206642319897 322.1236517257824 352.20903626068434 503.58395023622614 303.06832751641304 
534.6051599981117 76.41187695573488 611.6445100850453 147.0544088492074 183.7629339120939 35.17314258616243 179.76418122847383 331.03557761766325 372.5202536513326 471.27812098242697 86.70244471442362 30.279346197304218 612.9737511954484 406.3824155869536 117.28347916131932 267.6822691528155 128.24191107773578 575.8041348045299 48.63787039194594 28.560809782440025 
368.9984845533857 153.58701032847387 161.67632330370424 445.01021692027416 403.2847964582493 263.9282834653674 111.38896745252873 120.92486321653855 388.19455970472757 425.06504872448204 39.564118283802685 218.77402585218158 282.02502917326933 21.71293392783063 163.52025089041297 279.2268335991416 305.48823064546633 252.1506585854725 24.444900709783294 94.71999908440856 
210.5759400750337 346.0444436693229 528.9342078068942 308.06223451279556 565.6722695420742 599.1058368818364 67.3269398545327 557.1689920583051 415.5075485979563 320.6768326754981 142.42669704673668 137.02137800516726 224.54725452819335 540.3359718189001 92.20601335726977 299.94287737808514 562.4097830586664 469.6192237694128 240.08616913780082 265.28775155381265 
339.9067191552617 264.9492338302168 556.3864339379735 159.63479476742984 354.2994664974922 587.8670557464401 64.53653219029663 258.5801913060353 52.3659623313973 408.659598560644 575.6459031205459 451.22323529914377 169.87109041313255 49.47707378529254 485.02385598064427 398.43873089442997 56.034737795611726 413.0337030048873 514.2439639769445 406.0297229693983 
241.59120204692942 292.9859406729635 232.34678457983807 183.85429123099982 559.0335325547088 412.0814051614052 339.7743971091071 612.020366307814 473.6367673149593 184.17277729762185 48.63069775944993 585.242010114172 33.853715914814856 346.1901053162052 42.8611620076655 356.45115038327884 599.6770221199707 156.16533289612096 51.94565246770998 150.75843069578022 
457.56135794186497 203.40286024896807 21.69830847054211 370.8568932095804 380.49930825183804 426.88989681483065 215.76801943904658 264.96234764233884 141.84490957602458 488.04017860279345 531.4334065762454 478.38403195374065 141.47848707482913 193.86506354250147 63.285935636490215 59.81948533419457 252.9064895901891 216.66556447279027 498.3949288356543 243.4671718918292 
149.89020369293672 506.3391409087876 276.54843394614335 478.0508605810589 121.19699743963298 541.3949477943122 199.16325818686255 523.8492863535448 332.067871953173 314.7713847327122 520.4584244673011 388.8249416126315 240.995038591761 500.5496304919239 304.48545147318407 224.9457777619389 30.403384757172994 397.65689451818474 381.60931729185114 55.79350052630208 
59.82943434819675 196.6531998942824 588.033870163029 556.5522343653909 500.1916167363347 465.69538030294405 121.96544323514365 257.4713067134253 457.74566037603233 301.77208307950355 400.00836985761435 291.8959228949717 246.31867011666208 543.3035637324642 347.3862233445015 359.95946009849433 416.4159144348973 590.1998717911158 605.5824464475115 329.03107526172346 
299.79379671808704 327.4714234651949 290.9941452998976 442.01254747549524 178.09296976204212 198.48540451355615 88.19294999772492 454.577884357236 534.1252061946418 423.96208374346145 411.3863544818203 572.4495817083056 394.4078185857819 512.80454759268 317.6736837560347 609.8052849534436 521.5394788835367 360.8556098805771 605.6901055754878 539.9085494515534 
565.0109850678966 183.6758497448704 283.23266029683674 359.05745264641564 429.0448738357851 279.43633962525377 337.46194507130735 334.94486690527555 66.05764625578593 568.0198151448905 91.27318914406717 460.5240789586702 454.3382325150363 602.424192967799 379.43061125053566 484.4735066749118 268.53652081124335 298.5619962581552 328.0586215296239 239.35437342617809 
301.55576873726 579.5495625270945 471.08374553345516 138.55487173255779 246.44244951992854 280.57979465871375 487.2209355715694 63.114832903193424 196.86753474490885 210.47203932821418 391.09822296508696 409.52442989052173 174.79272569606573 215.99307265095393 362.1130322320103 219.5907646738651 143.91562153008744 445.0428264491839 544.6144281738709 63.46613113892624 
117.48726935968325 154.79849075841105 503.00471076221834 96.93154101888754 119.09620516543829 160.91101488047093 565.3541147050955 64.0295139700398 505.01241719862924 173.84751296515125 239.12257844484574 366.13959864823556 306.6852111549761 418.47345784664805 432.5820757168434 468.5906124480475 401.98858312521895 282.9683076974967 165.53348783153675 65.90322323311909 
473.807869496123 93.16849840009031 202.91158580531877 176.7566059097316 464.5615703804442 258.4312897362357 394.8719261590283 289.77306092262836 585.2518609396019 585.1134474686913 456.9535469043294 431.2141800036235 87.63772741072512 303.75844164011664 273.91095908273644 375.6823881375087 558.1243718419237 106.08576318376726 160.809441076937 370.92167506355 
441.96274635152673 437.8764012695813 464.9771265888321 97.81108152653636 56.352793859914144 43.847962780587274 42.40796949986916 536.6449726427409 501.04434104630474 110.61330199969169 492.20891110519574 360.79346242908036 425.02922494947245 303.81641459302625 382.6854715180099 228.8371693823302 157.91853190953 145.53931644841916 452.65906838389424 296.2697163305116 
64.59865990985404 128.07370168830263 121.6101282393149 417.8618996334524 531.7598192657379 110.1510065383079 592.2406646929877 61.78123152728182 344.891017994972 491.72485665514176 579.049865733535 506.56054376139616 564.3349724733534 413.3993860141966 246.51687843219452 42.009566429030116 158.99688689231212 576.5973468459594 290.4839891271843 45.16304944056515 
406.3007254059358 430.5617624722247 46.33452593927945 352.3592645447854 416.9869249549333 22.284725136445132 457.5586682941616 298.5426386314976 493.3450251333196 155.45730078559401 488.30139642378384 344.88428916549935 179.47518543710487 54.53409372404448 313.48603821355744 565.8141275486928 212.17223166366023 280.0063481602206 170.107248506602 216.55835937485674 
331.02604533884977 190.97730496941313 103.28717774520489 352.2761233697982 56.33196029234398 401.1335074092327 590.6886158868992 219.88895045989827 93.40496684715774 424.2059305732866 578.8787656572947 493.69688757978577 371.891606790899 455.01449867944916 415.23741766602427 175.87500789529093 478.67293491167675 182.18996779632334 509.003445198495 532.9439687681274 
592.9528102457639 278.6666889304331 505.0531185185573 189.30852242273866 582.1247542391661 366.04023354809095 304.0040983802498 448.95760040862257 467.01153615217953 598.8834188062232 212.23892597846836 466.4197650598592 215.07097771894365 365.1146385701746 55.44164998964854 438.06784127013674 570.1618736405209 348.51213137009063 239.2414660468371 534.8663027379315 
177.4636585043072 549.4680779628542 90.55684389735187 247.65545398790067 612.1437032972603 210.0761372994327 363.2343886263217 566.0657722167733 470.36584975400837 339.646201805904 141.5755937995704 162.15655308781038 31.234043355583445 86.74023558787286 125.34567479460834 299.87235416221927 348.26479391924914 553.8227842415677 429.85814532256035 341.41100905268274 
578.9821323701862 400.61999752958707 384.72863250579735 71.59710384839111 511.22895803839504 132.28096371095864 164.89206290067938 611.3545413752398 394.78832437217477 318.43489727014 37.47670141913076 41.3719194376937 536.9087138737277 139.23823364448054 358.1288492030255 407.05463917862346 270.3266579232707 404.5050877581547 200.38202662192754 325.8572953600288 
252.380864055913 342.015071847558 451.6643625115456 368.09021552712215 203.81123765011753 401.0920053820974 559.5377610135894 532.2938920836674 545.8368488332972 67.54744551014164 461.7630096988746 486.27497307537027 344.1063433220735 236.08267365207712 183.78406505823963 194.89772111210468 318.11473624403965 36.24296385222053 537.2256656320711 505.7245034077603 
24.680262002139337 358.0178087446705 102.99790672400864 413.59922683884224 74.07496441864888 73.18088851171434 32.60132347259852 475.26729441165475 587.4029282076411 498.46360621136665 151.2266481979173 395.126028331637 453.8197957797809 196.65578262767755 596.2425250463851 553.1992120606063 296.1872692626561 161.727383194219 574.6653254990471 596.42941492353 
203.75657701662047 584.0649908437927 373.2045310508249 364.3820332825256 240.47430501601258 541.916812398149 304.47765228243173 170.45462690309574 487.5047198972227 115.1398474141419 22.988244509766957 609.6854800599465 528.5619974545164 367.34310097742434 594.4608864144725 414.25488107077547 236.6463984484691 392.5205811188186 452.1268740654469 27.773170504788453 
270.77788150384185 372.26771647530603 523.5542955693215 119.44909198746221 241.32109214373946 539.6750645108733 361.61635051840574 609.232232097759 452.495418902559 495.9930308557783 263.19152135957495 525.0234274961384 80.66377393262259 476.16126891379633 509.18951896713827 363.04668885110345 396.9940706789482 309.29663675820296 409.4965961321149 372.47656887646184 
193.08689063416423 370.23340281779514 586.4340394922451 335.41461792435547 118.16322681140225 568.2093940894251 80.3236973657204 563.3086979840426 386.4061133419074 168.79193484054113 410.75404555892055 380.90899075646996 463.049729321861 195.13727400855666 77.1407871919416 118.85428737033313 487.8098354889856 104.67725538322834 332.175591430215 185.98239988001237 
144.24928831562087 387.3269600713021 611.7568107038086 542.4585816244222 433.67235151804186 81.30715132552854 554.9958036544527 444.8153629633696 162.14156297975103 552.675139478601 497.8927972691968 283.9979174582284 99.21089049956196 34.65797306003678 274.27581262272736 287.5084946536244 316.9690282395228 172.88156042551023 507.5966458017817 606.7436813694186 
367.98633929572895 372.5896145656149 527.1774239633401 260.6183897579024 110.75958683971707 293.9459494276397 392.50166104480496 356.57008816633066 341.2477044436345 391.5142126423155 259.1434984807403 360.0372758777183 139.09289555837088 144.0084712304099 69.92884533800421 333.50572224037603 587.1203440502841 370.4085876596288 304.9221971011656 616.2164042038847 
72.71054413376257 578.534129162134 473.83295033805126 165.62876558999668 129.63798311043948 442.17044816979495 584.4348270744216 331.733138238847 128.96981421338543 252.84082429897902 170.5922842221529 585.3060243548869 77.61840942929018 142.3183370344389 413.4875621230577 471.2019326714243 333.1413893638238 421.97120308190694 39.642225200980974 607.7756957459515 
393.38299767144554 135.03535929766417 429.326835373258 503.528849246436 269.55060039913394 67.90815480479802 118.95255309964153 112.07387984134772 301.31988719266394 416.5565889875913 431.0385078854628 196.51008795648877 222.5626664736114 254.13423166500567 315.3484693665796 324.30486754105044 236.29100587929855 95.90029342714308 34.79082619576377 63.77401946586146 
407.4114178488819 607.5347008036994 479.67539044703966 103.25508398053405 231.88278353326518 252.94290799884845 43.92103028727433 164.0671076867967 390.8719876032899 227.6443043319182 146.80752793212633 328.3509332727317 448.500657620547 573.8376943084411 33.86583103854502 552.883557105309 201.77716382954395 323.2379285080104 40.50010796196877 489.96028082771784 
