300.8956362780084 411.5196646763484 146.39491376437667 245.17048616009833 362.5586917615883 209.51552997336486 321.1500710713663 155.27641441924695 265.7005068301787 113.59525174265488 448.6821052800407 74.73618253887147 496.81059018958 161.49035102452052 47.707401044850705 240.75650521681112 143.04332653932778 403.9766303699091 320.8060495093769 399.9379570491338 
322.4782398494216 21.909617557037457 319.6826243469762 135.1645434904764 69.24462451110585 480.6439269784832 425.6430785872914 105.8537442577851 175.46385879853472 255.0398815409154 209.74074604594176 297.2703841268217 116.96251577512295 283.2603747038305 362.0447385111623 499.6073079538335 314.7092247282561 432.5611180590794 504.48369642767886 362.53600253020585 
108.9286776629334 385.2774664190983 326.71823266036074 495.9303767957835 447.8456706080823 478.21086523279257 109.4948966927766 212.4666902817776 418.012428979797 153.61811602227547 324.9350919754528 132.80290463888076 368.17229674504415 305.0065232858619 128.2118967135407 499.0403922421499 503.6129231460889 425.93807758232725 180.06789670843608 167.17142201460337 
452.96216456492573 95.04578667060476 364.627259939828 374.21514411954473 434.37953353945375 455.46535784870446 91.95512797510929 500.7456091475575 273.09677386383873 471.88517572796474 499.817416056885 174.51464403102244 147.2602484984801 373.41788661983855 494.09419008776655 185.87286326707135 64.02853668280156 315.49666415648426 192.2997607919637 310.6919468809229 
192.8783032306024 418.9991879255923 459.6625179865402 261.4911098079362 308.0714452457076 469.80254757645775 352.2178128799075 112.47127783122939 217.23688843674853 186.97224946405194 406.36680329700494 169.15964515874765 178.01984827900668 92.78828124307263 339.35453622112755 378.3680281937903 429.7519840815069 142.81152696272508 350.1203799922361 499.1681487935887 
92.09533943838937 399.19355885472953 334.9737788031954 380.5867437545924 307.6133071329408 155.43300523304893 457.54872123054895 316.7238685123444 130.22176901834519 45.78148717022106 137.48978740785742 74.99738492685981 286.47340679966476 297.50244630336834 147.32305854478884 318.2168186021654 61.62844972511105 409.1858229071558 131.96493593921403 266.1896389408485 
187.46488863872966 163.32175384986957 490.3220898555603 67.56319581104663 233.78136652320336 506.33646191143276 183.43550718557898 477.6053250485329 130.54574890786603 454.29342784843516 158.62191414413613 62.62686784720027 72.64261779824353 307.4629310033163 204.06562114727743 276.74903802950297 184.17279308505334 81.96317277735803 173.31394319059612 381.7190200858985 
444.2579127474315 191.67604268759507 144.12929130393076 305.47674315072095 501.3032987428978 38.64063329388006 201.15109212570962 160.17594185733586 127.67223303108693 295.1277313542752 156.82062744767993 265.36272863678 191.724673183369 285.5982536592664 150.02198430095103 147.01482938093062 149.17362515764515 501.74893313406767 186.89212175241198 108.14442018705361 
180.71228837211956 408.8482273848024 313.2533157629697 91.66789964399901 227.86505282159118 326.5656472444107 233.121059057183 181.2455455527667 304.01548944709856 292.49761532980943 312.7403905083852 210.7944166187401 82.5644768323973 441.59305589144674 34.604114693772885 78.37728782082891 389.17162406455463 59.68160617464723 90.90567378200525 485.1710656764967 
350.0329651940762 94.30790016834122 430.8800243743728 445.21762484481474 73.14829747339762 31.07478888354275 201.48559066117565 36.6602328897465 364.53099352283414 168.69879530026572 145.88035966701685 490.1687318885125 106.31368567985271 450.9807240045985 149.14536503529433 335.25655057498216 48.702797967081814 138.89483913862583 245.70850219101757 450.1926523730072 
392.7350147358279 230.99945990440168 27.92201446449021 486.2115861419011 165.7889706196095 165.37226431008273 20.24664889433918 261.7248604729778 16.80512791989729 461.2733403892318 208.49551209333632 347.2365066108409 183.16705527805576 83.73921225146441 38.59104585329686 186.66620357523766 506.19720414083554 439.31079451377263 324.2879330803739 225.78301309639454 
497.2203260928953 36.09864030643877 128.315260604775 143.4527663888117 81.14761638783284 466.38834327061693 306.39093944602513 406.4023701685607 269.53473047649373 494.9894103127208 28.561630846706645 493.2039957079671 140.06685199629413 161.5306853248225 217.3211823810905 258.1824891132368 124.42384353632801 429.9053984923325 466.96079637455625 30.94885858549017 
231.478647466124 43.0689698269388 133.60396101724896 172.2632252795364 457.7820910774017 366.3928017335584 410.37939248490153 431.93017175194865 262.2871627438546 127.77706631469891 327.18496257091573 79.42974422761061 107.26595432650353 87.72559183582372 239.49587876908322 402.98708365449045 192.3723179031953 297.5861334518905 495.6701322892322 297.78402745748815 
133.80343577508097 229.1589873323342 97.2044250658261 289.01557873001616 465.5133108504559 183.8771625041502 291.39364712115594 460.4945288948055 464.43152909569756 14.761177583766042 160.84700730973287 384.5072535071765 426.6401186144582 319.3517078932286 399.31404899300526 273.62390390233094 146.46190547362286 386.82307190029917 88.27355308816958 200.16605533809948 
475.4132765188678 307.4807787526932 413.73851161142545 354.0349114001199 462.97465616606985 277.84624878063613 387.7302896434428 434.60330040952357 206.1316781919186 259.53177600107057 263.8751476615206 397.3744257643673 159.64022912482295 275.10895998168576 461.57613413278773 401.11069908714273 283.96855660100874 249.1736202187491 438.2135687416972 426.1355547796662 
32.86942929709463 427.81034960639533 73.82725653132648 159.5115711323915 307.5355827822366 34.65993994348198 257.7334558913493 367.79791207344687 129.2915533851271 446.7926535164403 491.5297965515448 103.09017256057022 407.77501148435925 298.59049547313447 447.94132325061236 213.04597325207968 306.56070004273255 46.84171807119058 49.960626545870014 250.59911551386165 
333.18013077220434 155.25058113064472 259.7353817199252 504.0656535743849 405.4901549259329 181.56547683979434 391.65628332692836 493.3449593803338 271.34360208231203 175.52867048680957 389.09854359759595 402.9188501175164 283.51491392763523 420.85063488082784 129.27007263077337 47.351924730155474 156.83414894151502 179.41215180399283 445.61951231601574 89.99627998605746 
459.4823110687293 220.89743765493301 182.25717858502065 360.6036741896699 215.4011882918117 46.061135074304694 219.8420653099401 242.54829791465264 119.7708218261238 336.8326177026995 37.388042677501616 225.36327573732643 494.5077285217906 291.46047593857395 499.4423772799345 343.29397266094855 235.7369711172045 127.90042595553396 183.08971792750094 345.5712925421143 
130.19129951131697 163.64984139746895 184.23455148904887 69.10814279207044 42.49033476484458 505.23178120712896 467.61549255751345 109.3219658168879 100.2530525252207 505.5319700516694 450.0042287075597 509.78676106372995 128.99666051999824 272.19157127314486 131.04254102164845 316.4175167636133 213.77493682373117 135.2590262882513 211.17029988281197 466.89020329170796 
389.50922412587744 107.3040648609102 261.09771042410273 111.00060113815084 86.96512062771932 494.197007435091 132.27483056757967 82.66482856306567 86.32815592810039 439.7564602261744 422.8115131082158 369.2649425116041 355.33135469023534 312.4684758294814 438.3009922159786 49.04258589611648 273.88798762526187 467.48052963871766 212.00009072282043 292.2439169855285 
372.18260257459633 42.07314268909101 273.81924249080106 146.71878283315968 334.1733260276677 67.81244533849605 482.57548131672274 453.6774656153187 143.45878490212215 307.58682160061835 360.96151243840194 364.30795263603943 373.46257559313744 350.7306640477419 497.68388026221976 52.956988089777546 248.88855188784314 124.4383902729823 206.22359797152345 347.5778983156256 
230.3998997296801 104.67196317127663 254.6720700962966 123.14845236015486 499.4752965057256 134.7648238849834 106.09567742896147 428.7617980112179 345.39518617175446 384.9256175091646 233.88199320247136 444.09357493233534 81.31122574419163 110.8445347207254 201.52088443155768 485.94846485213 241.3522362222416 494.6057202070002 321.2734263550956 410.58912025094816 
435.7195458312868 476.10862693731514 331.18206641967856 382.55073522442154 365.7250325738074 108.20153991040675 154.87479065372128 105.64437505475415 125.72484711117326 93.73041291683863 433.61670279514846 236.85200406923062 43.90211923726882 287.70608176181304 145.062055869343 328.81671202163255 438.8515432856262 72.79303846571176 248.15980012841277 271.6308066298666 
293.91915690689746 141.32278890957133 418.6658397853516 329.6252911319419 476.2504208998881 342.0351609820501 64.71510343234765 493.8636142857294 252.499538278663 374.7502839465788 436.9065572468788 496.0428726732226 478.15342945804167 241.17484822912186 272.35428450130007 454.50569918673085 462.4231937065753 485.0453030153048 37.1577269519509 248.06576051269295 
135.6564625734511 379.81152262624005 456.7443122063237 338.3501831722199 271.2234717131271 347.06373689754696 148.53742480858133 386.3618868134092 138.83031269349627 13.906088892834669 296.4029935707399 133.9650958857652 91.21215023319095 442.4797977153684 431.327813077285 145.99699721589676 211.1598031238903 189.83913701228616 507.7825477902837 133.70872148256979 
270.83262702014486 481.3833000673433 90.22283098069322 205.23895511170346 380.3109669674201 406.04731364777774 89.18132868183253 13.822917279840743 327.3411662796466 166.45509012772578 111.40401325265464 399.4402432399722 235.22639591168948 42.237783779070604 113.48376634123457 244.60463904340344 290.8162946633138 349.72056682918617 173.44441054979143 389.9984875183871 
419.54868808534945 306.1808682418783 319.728300767528 80.65559467946403 409.49635034760064 331.8813733602109 482.04062290138137 38.395148394817326 111.37206576333135 448.08072678468017 253.50348999277566 381.2099928039072 466.44508461503324 54.225158394329114 278.5730095275 235.31238344494642 239.32203998650257 492.52420957755385 206.17234114628963 10.540397365000889 
457.5454984770273 433.1135150845831 272.4940191460696 434.8279508307283 184.9632897338088 238.0079032500586 202.92455525414996 68.44178890234437 380.8216945461614 87.04798233924498 247.5445252848151 143.68832125773267 221.535610360581 274.0431442154612 289.65712908356437 200.7936573534178 387.0889266971303 206.31427601684103 91.79851305012458 115.6598233427361 
439.018009534103 265.83930848039995 368.6829005248441 240.20027914463404 41.931732032379536 315.2045302483585 501.5356293397856 500.9580198319444 405.5208724353442 256.5651208949547 333.2673169077701 426.70910033579645 449.01021593293484 176.8177016235347 108.94210686436821 200.75510232829933 315.0063638649202 237.1881887340913 250.99333312009074 458.6072220926732 
484.6944566668171 90.43813996652077 283.63958886538643 176.7655168694168 371.3368623623149 233.8925323677703 345.95433894531385 123.29608907052591 394.02701837916874 331.4922623709834 358.0422605868809 465.90961546518986 158.651519470622 163.07438496591303 29.77535031308103 258.2441683670446 498.01359854112604 484.08330441761314 26.54200810365075 150.05549378253957 
248.07103727906332 203.91598929203263 231.4621850653529 292.01792079320495 262.24181358272557 416.10427895920054 168.52170508897174 30.83895164737848 290.73042954999414 438.5375890259163 276.0788951845964 115.39074036178985 476.8281040833955 146.9289524834728 345.1966610494144 259.5615204844328 347.1400383765894 509.7275661865844 62.25319098836234 32.53011903860802 
297.69272599241685 357.6810811975627 220.28419004856835 172.1667104318243 202.87460148024144 46.250609171527174 288.5101217858665 42.26291382182755 399.1629433633559 294.0816721408196 154.5012440403185 79.29431694293042 420.590448378769 105.7341312043477 478.4337857538632 199.41869007239433 487.90426986556395 311.8743699088001 223.89027844973612 261.41284275487635 
378.37089620594986 385.13268214577874 54.65721431813602 306.2513012830166 428.17988945790603 314.82906212069787 411.9731376600387 419.03008365243306 44.399617939671224 448.77061071310544 211.68033790834482 183.93843333952523 228.4381556418797 335.32348383808323 225.73313549426138 327.98185195028907 237.96232204011375 223.96273496412448 337.5161262184904 274.15944482544495 
139.22826242638197 507.5030109247576 485.4252226582227 449.7987520120198 126.77638959539172 14.213255738927224 234.16485454421925 320.7511941706829 112.44402367418903 183.01863117185357 38.21430447471862 247.15116799323616 210.64877072316273 279.9926783662195 386.91641051529393 381.4420734364611 371.8957645554388 439.3429106489546 145.64165302959037 454.37228872026964 
41.46192043607987 437.0929400745632 32.480838663614165 419.6641556042364 345.21032883340723 230.6642272274263 294.91948451018305 53.0593447930363 429.4878671033435 422.56064997628204 275.9469477381442 226.4434069398335 207.05923551019043 431.3590067803482 184.05362350509716 202.75292752692164 386.0304470359656 278.2084378987415 506.5690440966822 422.36813207085373 
283.71498855758347 22.042159499432604 130.7943101445883 376.6943934589736 52.39566421755336 501.704385985971 362.3817799986004 289.63541708407257 68.9354242491561 168.19563809783298 155.4151463563248 452.66150715530887 365.19009694951524 415.23969580752964 493.64320248023296 184.17583513843547 101.17627863275007 441.37507692064935 487.3201402583097 508.88205037353856 
207.94751159817332 301.77438608365117 375.1058277242674 277.8561351968805 452.1317926041742 432.994567842485 245.47887476599942 75.02572913105087 299.0835977621041 58.86113651066387 417.11589366004193 380.7601634714368 76.60353712132056 10.689621380828564 42.689841391812244 88.27405457889469 66.17876898035362 120.0472739613998 125.54074236597512 93.54787974585997 
273.6972685688974 467.2581826401007 263.6718386541884 304.4684472757135 256.5891444655267 393.8548973352981 60.52428384535324 39.892472301091544 509.34799681300365 312.1797877680425 266.9835505802017 414.33641957540925 34.38562618007245 470.33906282711035 344.0706492088948 428.99561242173866 350.17306850515774 455.71285719915505 260.7712345212061 114.79591435963064 
313.6211271351211 345.22417490052663 466.4558879777699 198.1808671100239 258.65353013139463 35.570136861061684 102.34449220448559 385.33772933457175 77.92587268077615 411.61842277924114 141.46791439804156 485.5651768749483 499.64343925559086 136.17219421153436 271.58022460374576 219.48611257375725 436.43092007418267 469.3064449946815 460.47440101801413 182.80849917950536 
408.207448057277 150.4791218430876 268.1546998479307 61.3374287239759 166.0196839838254 501.61997984653175 95.31896598048682 317.94157656775303 268.7864393718079 34.40030336881732 182.6037080913338 197.17701135836208 489.90768027160374 469.8867737222423 300.0454044354629 18.27179594413091 55.691278562826234 203.78234962290435 191.21088157609805 352.17408599262546 
342.55038001926414 375.45754983513916 461.4500497549901 303.36724703844123 284.9247520075354 323.9750971423625 224.7240942054296 242.15484944610677 370.87911791983646 339.311100711069 448.4622384731019 458.1188049678497 227.33155435904027 241.97585146925704 60.90010081500718 330.4536720200455 421.8652375732982 449.2375081488698 10.35299443485698 235.88038963280832 
233.07646242149704 311.15158097545986 90.87710694349242 39.842403866609416 266.41226134491967 124.59950928111829 473.7717123623512 141.6874056721903 417.45058760465355 358.5393927607771 509.3756528070419 169.5378414280395 309.576259874935 248.67197520754192 488.6110457286669 45.553195339574685 458.00580009003755 44.72507828290294 178.72751717988783 267.2872906159754 
37.11427595321536 318.559520827547 72.69992070866448 375.84368683990346 253.01723902711575 366.2997398950703 416.73278646730796 206.532252807994 448.3609480452688 362.6921825419271 205.3246054260993 142.73015244483634 191.2739646387786 50.89459887423658 458.34500328930926 218.65025228781198 225.43320308440354 375.899353813558 219.57800213512894 41.72010991441376 
283.19771870853776 94.79392160986876 341.1845026084425 130.27478650270075 388.76310421173343 22.061684289144836 243.53700214872646 387.2663262468375 403.2898642299523 193.12605277745803 464.87984226949123 55.693402863405005 188.95878268350907 354.3412293293745 440.2679593933549 126.45391258049465 393.90636638254153 312.6325517714727 74.2373391269066 294.3238760095319 
484.9935768803549 302.98965995766906 296.66031611751595 182.76563318280836 280.3609526699278 157.0155478817493 416.23876663934044 183.26854887034625 358.7231958791869 180.73464126095666 211.08837702888184 379.92526833842936 347.3564037914322 274.8630795200322 320.86715060134367 154.94676674045581 215.73108267645597 455.7442414067218 129.90113872775322 195.81913171960878 
326.74395662067445 60.152681992274296 455.76070399042266 249.80544534858078 122.50186902929727 42.16962832136294 482.7402824702619 96.49567145823478 446.6107783129826 395.3330636292147 504.69487485242036 334.1077915458577 129.9229628927797 358.26571502844183 166.68632653602805 200.24328530469487 91.69567917967524 186.98384419820152 19.89255565399799 272.8000909320023 
333.1142572773842 402.09008519766047 329.2328450680143 21.74615988375738 325.13285943825144 44.05350088258269 198.16234606879706 307.4566853539096 417.5859717025812 94.77988225489081 200.0888390662534 46.318286784375594 21.52380532248609 348.67542869640494 330.8650070330234 389.30300989153267 441.7246225212187 141.40700105467369 221.80922600783754 384.2156070546396 
361.3372935742385 469.56205200448835 177.70803528993756 217.31682716677884 105.60705878478338 159.41126546551237 229.2534667196198 255.02627292600548 436.6376123503923 367.9771696870995 14.36830254389714 231.40752113968497 256.14277599108414 324.6117818577652 427.8723183277577 52.13901559093125 218.14074895047668 346.28634395941845 103.94287470794998 310.6735435241265 
378.54415381177813 284.79644241710616 420.822664855324 237.28966001211194 133.59884611348343 189.08544087921862 342.2279777173656 426.7380090977723 324.124941899996 90.88950750303636 34.91054095198564 315.18577558744363 507.5127070917521 446.90728156456555 326.8259944251063 502.1623765763486 24.426908096389077 395.69732293180255 195.36225562349122 138.20941424194265 
112.17243518359965 112.50646745147007 100.080712371364 223.93824857982557 441.67445904379395 170.2322131619145 99.4236122356784 291.197999276554 80.0262263511473 439.72227155807735 315.84055793155403 62.05736892162272 505.5575573107691 187.6144050959405 438.7873104746775 306.3033239956576 427.3772739451494 154.91966653590683 80.05008133837414 243.15964213218888 
286.3426183743299 24.552172488385807 420.8483700758283 457.9287085420438 439.4087669103749 311.0085304863373 215.16948023638432 429.25936520676174 154.3116370563306 330.40006312391307 338.7878408169214 387.7442590600059 166.53705225205533 34.040907607756345 198.42230705542744 351.54953374156696 175.5293906765919 113.79521249119522 440.4844746755084 309.78021801067734 
282.09291333462687 412.38640935505174 23.871252169472882 149.2842708872289 493.93877480212774 296.87185198581915 346.2546395470528 45.598506222452585 51.330975188636266 278.4857896390569 238.3220885225593 163.7394573504916 449.78426041660174 287.05391850998296 265.4202770835361 139.54234864307196 161.7672032981985 133.18259348311244 401.05571439190237 437.25133520153946 
184.36349113646338 316.42576174369634 261.70504248826023 304.0640098704038 164.8445890012633 462.6329275655186 217.38834271694063 167.33343938949767 481.1069720449907 298.6810049668389 317.4585331345889 445.1307251435999 278.9268911175311 197.79343087897342 96.05982581844884 365.871436008308 92.98595072707793 453.6495184538824 446.7086842397232 17.70866660714109 
303.6205492880156 66.48724061603089 380.4500447272032 473.39628082020266 306.2483303172843 449.40253151831007 107.04223101067505 461.3250826835158 395.4247131469008 88.0482252267713 503.62348605677806 178.43535158477962 490.4827821992082 311.93584222853843 160.31333784527533 465.70859192807774 454.7093910509814 460.54322015307184 317.2019207387977 191.94183359045041 
385.0109652239293 352.4312030264394 132.18033870886208 316.5075084315044 374.0217146413966 90.57248603160583 344.06522559883587 226.8020789914894 371.6078328210661 362.09575931388116 20.47062221426287 71.08641856198372 397.7203453146889 15.648214276925302 204.88029189360918 432.4212715015197 483.55012113470804 324.5796713924498 402.37360552571494 314.40075200209793 
342.93798162499616 469.15122533095035 468.45809158997935 34.38706489260039 400.9929399531238 395.9718415252545 90.46185296607922 244.94958177369384 431.87204584847126 337.86572174312266 175.93886040757226 429.211415092042 182.6744627069583 402.3737721978483 87.54034305263751 340.80650051383674 485.4034342259312 262.0922413675455 288.80537899856046 484.1505201952731 
483.94876396468874 105.05153695181379 90.3237908292161 355.72858417771965 228.0434016642517 128.3386504896275 310.7244453968683 292.1029242741137 11.146808150633394 483.1658824174642 291.9421856821176 395.34363315833235 454.2086293252792 204.58937432261564 333.2164009010579 131.58567694703527 462.2654963532535 284.08042801804834 233.27439935354082 323.415284766248 
305.8243223653611 168.15262273014847 255.1528025231533 381.7886865471493 203.9849388618124 91.24808628003765 453.1099125812613 248.18654468720146 411.25552036471584 276.0858458681176 426.0822829815962 142.70711415102238 435.01370383694206 159.67548395736958 187.13867899102453 338.80117489862363 135.56649751206487 428.19923720661404 463.38440079794793 310.3520133592834 
85.76237366595312 268.9655814100318 365.7691672198451 221.8034111570004 192.10827117097762 372.6374590206025 493.25176734468994 357.0389736851541 204.34506255089147 343.9383971047301 160.774421082729 207.7156710546384 365.4342374543799 304.039363106615 65.50017889793108 66.75496499128869 78.90916727553181 92.82985586409202 330.76632032204344 97.69446498738515 
95.54397478542131 104.2759637704964 492.2069511354083 475.60329729324553 346.2931686120854 413.06881674375984 115.49797115901904 320.2643796481427 173.45514466418288 475.76642839291054 360.17734804636115 267.3266400502363 337.0126510056835 314.63206074524584 428.99415586686797 148.1302569807552 298.1034933655184 217.37226811183345 467.2391089785709 373.90826858121625 
406.5743356456714 110.97765187177293 101.51002390474305 245.06740095620577 244.57101044738155 392.86965039093616 432.36516695482163 31.251399770575 503.1182871111958 127.55621331639377 420.31774521576614 292.8899872597684 393.64222544318847 141.99976269334275 229.62444277478355 39.93655373349141 221.38831966811676 177.90039072858036 219.32144233879956 448.49758275685605 
372.6885347047971 384.0974023494061 395.9607484299327 481.0572208377266 93.03036107337569 57.29251373515486 267.500151739512 380.999756111114 57.88085269403619 164.2975951781168 162.79987806260138 137.13349508043677 363.2191352399778 304.0102806269173 206.1789745482212 138.91883543411248 187.73011461091693 392.3204179507886 261.4847709851614 368.103923414456 
503.61280986001117 478.1506189478734 285.1282788687724 97.47081669193047 337.95617052561977 223.8339166636022 152.53883244101632 192.39545554005053 211.635858580152 208.03169591002933 147.49109149419343 235.92436698927332 507.68463515529214 334.39511689371597 428.75734877746856 323.07148298627277 146.09000734449538 254.17296314975462 413.5385784462885 495.0379339069981 
66.97186837430051 335.969219371203 142.12703800865287 409.05808296591397 149.0933580369701 340.85341836493797 313.25370747142847 464.5750167723989 315.6582168430975 86.02686528281333 304.57373949382867 231.44830681657507 204.34754413701455 505.2479608983558 117.7429099533127 150.897566334641 403.5492299083511 139.2195793409811 312.5382464563196 104.88461361068973 
381.7331158289003 214.1418598937055 119.47603654063553 74.63749421889109 361.92506211588324 91.63328258465764 45.38018076026395 234.01948991269728 18.232986926639818 498.22335365075395 411.3542674882414 448.44625863153186 496.37802880880434 67.61994569248591 387.6100999349793 275.0540954958791 385.1840069444135 353.95439135547383 214.60630181202376 184.8226790533627 
390.9781918762643 99.20746103941346 424.94963900655756 352.3551250086662 91.85667693896693 163.01946130581095 505.5125533113757 484.01879738156214 273.7672252472708 148.0874317482285 64.21983242301032 280.1497254029335 475.36302775043055 379.3526062159231 190.95755835015993 252.02390845499133 493.58022857873686 20.181328496146058 327.0575750947724 239.29858460828083 
226.8925153552399 233.7424803125671 82.81042775813317 98.62663702825968 358.1958057874336 422.7845782174791 67.46010706656374 159.14711322120462 504.27616057386433 206.0156158616978 421.1334881391481 165.55524373377617 83.81417373256055 414.2888864509087 363.15777886564047 54.45478253909463 280.87873569295874 14.79775383895803 196.21901945387387 34.69602964662687 
105.8634984893172 496.4826480450317 330.81478087675976 67.4025481585404 180.8190985847763 374.85330952457457 19.454129855229922 466.3897686717623 501.134217069608 99.42947974979826 115.05810869005 464.67845972078567 50.51867804913228 272.0030363525955 293.01372679833867 217.80640989736438 271.2416239866528 208.92490077087217 301.3346489377876 339.6413040674284 
16.578032146822956 505.61966077175987 428.3816850078356 191.39783012226556 237.416487970214 386.53110540755836 502.5962924878222 269.5624643455906 279.9815801073374 248.7018196688385 363.70002876331256 163.42867008503168 296.6238366681803 432.1898911042336 369.81329478577874 177.94588702914015 396.6304444809275 375.52596880360613 129.94633339386013 342.58539223045165 
289.00985345515465 439.41367858534466 276.3156784550691 151.9260786248676 294.2033774580036 306.876564003962 215.93921559654794 508.66338492478764 226.67690497449672 493.05471720623206 425.9628159904552 464.74437420748757 275.3458868398555 122.85419847152167 482.17195355703825 481.33223605436746 133.78668823794808 259.65233023345706 135.14106961058303 53.30322073843457 
257.1874387261182 193.26202774851768 373.47421079529846 168.97912757874406 247.99150845871324 220.3583378903734 38.58964100639017 200.7986279053544 497.18677044659654 75.57020294923588 180.50193451693002 447.6303100602297 333.1936764421235 296.44064699207274 469.0544484461623 174.43076040526077 55.3053845179624 430.4585096963737 100.05533533785481 119.95076520322245 
353.6330143580139 117.3648395316405 260.7702659305272 68.19262324258145 242.50911559190763 204.93704512425737 344.22498936055325 204.32195582048845 259.30255557649014 181.4540098121719 226.77080029713014 100.73685121796582 305.59786352700917 333.0451378398827 48.36609612946651 303.9977116551721 132.69225602785994 159.12668248648458 60.027089979892246 118.32071809185301 
98.36338455088793 204.12825379675192 227.90085893795046 306.33823243208406 446.8609443294382 88.7128301309803 408.41387152027255 52.82913072951189 489.07530815072494 148.69317492885597 33.94896140974817 162.12222676471748 184.83631323883952 214.84805368358917 373.50416342498386 84.87590997606641 254.29519715290976 191.84114134571044 57.786181333175804 494.9371682915423 
70.34308281891798 219.44586241586305 183.1919444355835 261.98304161183177 209.01875902524102 324.27926628753835 434.131145473311 290.6476802174469 159.85927943500127 95.24808696682923 288.14296718813074 321.8381618835724 323.1461823246448 40.910011499052814 493.2601992851524 416.9420594361992 46.00063430970801 411.95344406505745 132.07365883413834 470.6301099736176 
74.28060201570379 396.9987565494535 211.95037290129807 222.95686945341134 422.23309791005823 224.92417470784224 345.8582241068168 366.46264798967417 286.8547048358658 331.91953287915044 213.25055887814315 468.9797473963288 258.9134887933295 376.4708414791793 115.46375339222564 57.84623299133561 207.5853815750755 10.478918847927224 65.0807042602095 336.230250021801 
340.65826573578624 439.71524402834126 473.71363010326513 127.26803849367445 67.25666841369892 431.81796539938154 127.65916224893047 266.71888400875457 415.0404715730576 55.03146388492391 265.8788536516082 289.83995350172535 378.8305712620968 55.89231252912612 199.7582519046635 383.1842423040726 202.61467366351843 409.06501253333187 39.09767662363383 197.02480867030968 
221.8862909171997 197.53043322681572 213.78782099096486 239.10825024717096 18.2702027231894 106.33016842837888 105.62326186242898 195.44071410520152 263.3873461218942 438.0699862655483 229.7070317532537 148.80953264914191 253.9123584813173 183.38532786336037 29.899445137535054 290.7434901791843 264.7769111768952 304.57224431102685 477.7641647408993 347.61498750814224 
472.47184665224904 15.586582032143795 289.4647337876008 66.58720998944894 325.4013569292334 466.6147873402888 200.06469026718113 232.10933166773705 363.2422944866954 366.41938244953707 359.68431409323154 308.6629465885918 112.26173064174743 200.66215217090638 40.96731320918916 430.4629276172942 308.5458933311595 329.4083133563857 472.3102722710029 83.81557970288982 
326.0935584484809 372.0146951456904 236.3083003467572 452.83762693881727 311.7271793714002 412.60502698875297 297.86983909883253 24.238710366626883 153.7746239439862 184.33561954412187 351.45375868959496 171.8708352911848 36.47492648289879 15.654285831829696 301.881885415419 66.74776915414964 457.0609426986639 446.7560075330293 318.18017399171237 383.2375493373449 
207.4721996171025 49.43808578154051 24.90144870161947 397.1311876244901 447.65089172194274 108.55812115212376 20.383041815072325 196.29071206646324 122.3744383382847 448.2979905990075 36.3923913266047 349.57974101197567 98.57734113640004 311.43670038819806 178.6135948677639 504.7795549601881 25.115812654891037 324.8355472727106 312.4282612393069 11.193983931728981 
41.928074910173294 209.33845577837778 283.4436452431451 287.6460797399339 90.54357174859888 17.29079346421596 287.22118001651614 281.569812627671 202.89418399798942 305.879662410165 327.65862724163463 489.89976537686135 270.38056814031546 279.49894271914883 328.4789035539478 137.46217984005904 420.14671873816354 59.34193354937233 87.27868058766713 233.5702433195224 
250.51593866666198 363.4251692123145 386.58999952092546 352.52690641320595 302.5413211087957 505.246013708464 201.40788952581383 108.73825013826576 269.62382678294586 244.27755535690338 67.63719745803425 422.14062317099166 72.15114604225913 146.5037736945277 300.9117113236791 294.6445856402101 49.11036598474771 238.1980644420376 380.23875133026235 443.2988542360398 
143.62775514830616 361.14833685636336 435.9223594882857 260.87728134575286 84.38860024786726 262.53175809078834 406.218056679499 199.59217846262317 189.8902547919824 77.6422806513326 52.17254030200868 298.63684149087146 47.48171029036801 488.67408345001866 145.10126533135892 201.2606217202002 444.1424736353835 467.7640141148077 266.15710681909655 132.07962733573572 
50.954258809367985 137.49625618908445 282.44316215194493 430.32604533429475 488.21830257783375 407.07220829764077 189.12297677477267 359.73938105433734 23.171607429477373 167.34883243965098 131.98105426009744 40.80269832278121 277.25518591861623 452.9484622108764 49.88709461479362 476.0268407763658 444.88741223062766 104.64336909378723 501.6168179814538 263.9859893069304 
150.69566315941572 90.21798448558148 366.4826052835255 222.80750266068372 197.1592909875479 267.0121836362077 233.22712962134867 268.8192508545075 79.61712908453882 494.34845838585494 416.6330125278303 21.05751882453082 270.59260624153484 129.04632899466282 166.30170496791186 227.33869369530885 400.38962212910474 62.22702684508218 257.054616014697 232.5976901502633 
85.9123306769034 80.61157106692917 275.4097822186521 335.19649492978095 284.66184592617464 460.5153788989836 41.58697766816609 501.90561729956397 175.8631326378591 327.74257381536717 231.49464343956095 37.261979252531205 195.67517443836834 441.5830008453913 388.1515327095473 428.00593170402635 478.43745454308436 186.11522114853 136.99632729363802 208.3009416195019 
80.90595732364407 177.0184989984968 44.53834912622122 316.43869966437103 491.43183379248734 17.096989908146778 184.8024026536785 38.73310018293823 51.035771632663476 358.71911697215 103.02099459083068 261.30594367893895 38.331283626891356 56.37550434664095 491.02693348448184 375.46767576885856 295.2499513885779 317.5582873047262 13.799529457314266 307.39624002326843 
395.52184197408013 385.16520876524845 351.6174897081612 267.8170643694158 482.8641305536246 409.63140741536637 147.27159975674945 442.3875155153366 30.83117279720248 293.99216203802587 172.79037169061667 468.48867343066405 401.2789819217578 420.07965735236604 155.1317158746817 169.12789072956213 203.39739503417908 289.05692049413597 325.2938807111084 139.6548660563775 
80.26300665099356 234.49199716945455 380.29861632710276 407.99472984705216 174.86593423714518 491.1756097412493 172.49979560241346 14.10101685321046 152.5635867770139 27.885273149447436 65.67071290978659 479.33175930635315 281.9145869017342 177.2990922978032 22.322865571760044 261.45176509887654 200.84596915719547 221.26240679824164 111.70977740846638 415.9643185846397 
120.10665965046206 214.61023475940942 252.96855389582888 309.47525289179924 340.9605496488004 455.74881934605474 132.85265752830566 355.79273193347143 89.07220189666253 137.19931547760353 362.50879034595147 370.465627679007 291.53819302572015 334.3068123591358 62.751122625501466 264.4638569484711 49.017469824715434 115.31762863029014 192.28593723447267 422.70359682072467 
179.91364451312523 181.0282807162683 58.339880219212425 238.12068703834603 338.5624093450208 67.2090574411761 74.14483124653536 396.99514222508094 334.37721547924616 68.00534444284239 452.7326776021358 136.2301158266693 403.90632566178164 163.5199257472867 151.49296438722342 318.2882870195134 312.7543968322875 359.7792533050737 506.94659658315123 294.48882250822936 
289.3216388707579 474.2869081224364 124.18880031877165 152.36811914983605 417.3137689262156 25.367336921661757 210.45434392164603 67.80729678639807 238.97579636750731 508.5030320842679 167.25819256023098 107.62980741135979 446.00289877632315 467.86816058036965 380.56478704797166 453.37194751216356 160.08129363733875 396.2619102205993 273.43893807720093 141.9298073524508 
430.0124890801844 121.6446669673986 310.6315823331292 43.785358354763204 197.37382950401067 463.4799675417922 269.5534625363391 424.51519372059175 107.66855925187102 67.08560555807051 217.0898921823935 60.2847091303667 168.9185697601422 449.19686895010483 256.70964094993826 503.03111572565615 384.65278140401 412.94497027204665 235.3212617333919 216.03824730481207 
113.24454525636934 115.45406859493734 224.32969783121675 425.60634159278237 30.550937750070332 196.2596130311459 214.34662163102485 159.51993260497298 197.8072030756976 499.7515146415774 88.00730234432046 68.01695573478267 361.72952550391074 49.84496988982739 60.34740570335677 247.96219885940306 238.77903256195427 60.08234181538768 401.1926908109741 415.92821971995875 
160.54045339723348 387.3689183647887 379.01477236260735 400.8868516947095 82.16830718053447 462.54590562400915 490.70605126707034 52.21447410074292 80.85389314488022 356.00373988664876 166.72700796233897 283.7140462083006 96.26607259660146 261.5387223986184 266.07887577126206 99.3572263894874 289.91921507745315 306.65624325306726 300.5549593739379 71.4494452003459 
25.421086672806226 222.52366160623492 452.7235598623319 366.9213469503048 96.55412342526215 31.77597085220856 77.09575282742037 42.449464832690786 455.14301313504234 37.37730475140254 498.93109642843604 454.10940633457324 315.6618087143712 20.741580788802665 50.134422762242714 252.2646635940809 138.53366401526856 182.3152436245358 406.6968155594472 57.39409073017037 
119.07632216571305 482.8252894288079 417.13386419533924 37.56126339582477 434.0464510588824 168.39571650299467 236.37440507568823 233.22879610727438 122.73603426152856 387.7354972972531 204.55279940729292 100.12075436912109 104.57384120567774 434.6012209517267 35.15789508337829 365.83630792847515 460.1852035561649 273.73751264758334 501.99185952947676 420.917676496308 
227.86308809057954 133.49833046618676 439.39186360182407 90.07562975312993 92.40372651174665 73.35237642779856 495.167903966746 254.27549984493822 468.2599080133171 59.4755845723725 200.7097552289362 419.38695701067365 103.96491562181924 206.6339115779661 47.71631316006968 452.1006294817119 459.78046173019715 469.5595604173951 386.00027931745893 328.81469536004573 
235.52152561509016 192.0237321634953 81.82151918471297 368.1945462421385 50.51135522062149 46.809010366585404 501.2020105964929 43.10869872387695 402.6197781448202 24.784551345591257 507.67564379880986 92.64404982831431 158.33777491235017 256.28716618997385 288.926017149666 279.9035742605352 450.8416420088938 73.01146408863184 451.76518806297105 266.2896526635906 
487.99976109079995 343.61213905762867 449.90671319033953 197.97611015338344 397.27510440495803 241.22149890240195 33.98593371841129 225.2720984270986 359.4766232176677 226.08548612436718 38.28076154520465 300.58091189892764 408.3126679139184 151.52115922241225 443.58594829017596 225.65697174052107 397.6994710818477 26.398865472745495 280.694141330269 43.86399749940377 
263.77795027721265 92.3521816710105 63.93666038785516 498.13748468878447 333.5918357056101 498.9187905901959 69.23731748929767 400.35472781412506 57.380338539087404 484.81537336354444 396.13216539126796 382.8153544929972 166.43845078655622 98.54961476547285 378.2085680740635 127.5356585623657 383.4979098954257 116.57259904009275 31.416519377247145 294.0597686103426 
437.58217604889956 442.1745032605394 354.70539103531104 491.490690232101 260.2883100500302 393.3268844951498 422.4392932337165 265.4445974484093 365.44900662471787 412.6746279511802 333.0440687555288 195.6311992449291 39.12790572803714 357.8806400305561 203.33915226777216 324.76358274776806 91.90122434453035 155.52647640292594 23.007341894757495 264.5003999716247 
50.3789543014314 226.77200765696352 308.6556363964105 449.1237586778244 289.91864250842696 217.97724185467297 121.92024097820735 132.65577741083968 235.48495816472501 194.48936557144913 141.06898073242257 350.116960359627 382.60806707232877 80.79834253877476 100.55399749458864 188.62964641030882 15.394118179122776 255.26387442727693 37.96816655525708 339.0694309915011 
123.5407619078328 332.61714111811926 412.85808293392864 23.967893309911272 145.31094951511025 292.4402702867755 286.84696797356565 22.369605808604135 288.4181453783502 236.82671150329048 379.52042419365 137.34671746736592 305.77595186004504 185.42567701462193 439.5282736762012 76.87400209588834 228.0655058899889 441.0737163797495 495.3556798689097 343.7676893162345 
180.07346437591198 184.21657594727435 175.216404374898 355.3911817268559 32.75397111047167 79.32450347845321 410.5217003617804 138.8306816466877 267.96762717614627 301.50397381674526 462.3776010272764 72.24393896501135 57.850496162799516 16.509245501267024 335.56404887469256 268.0851993749659 185.76648284913648 472.356541686008 269.448672664303 318.90954588994526 
60.79599372824028 485.7442317345901 120.28869877213737 251.45963468966676 202.714162149054 231.48201174338945 74.37372559110787 159.73810387682502 199.41164703683677 368.1322703729996 256.4628663324378 112.76868226814878 263.7112320851039 158.0666717684657 422.9690447416764 57.74910916271063 141.53329026143334 365.1412499816886 54.343885757328614 64.29901514588836 
248.3631877827472 338.19293119242906 286.1160489563182 380.5060052569869 35.973934546319356 313.5607893171809 243.03631642915275 396.47285243505115 216.3569651823134 94.8350667863444 465.7824580176548 236.06904629616875 94.81441359345565 393.0370537374197 244.67707752470557 322.5898771029844 389.1657390706154 235.43308464736094 299.8714963564818 389.026080187598 
37.02216743273633 476.18562271723107 372.44880742611423 28.64715735863226 118.08169724647104 67.04467240584587 415.8992936149891 506.60162779635135 143.39813084867336 371.2825761072248 202.4212355872047 178.23717968029322 88.57703296400203 429.07532733511783 283.5003516821765 484.84397877858834 172.85178234285775 207.53361659690898 369.2208015486449 122.52410151813768 
10.993010367387193 493.58656723152234 315.76117133372526 104.89046424882048 390.00424559877933 212.9214332729842 35.52825660625335 65.29804113226172 47.55721095048964 83.18229484536498 269.3820049487111 269.3108429511678 454.1196185376489 134.63099707372209 285.40455733156784 433.10751259969504 225.72884555735834 256.4732599833476 193.66670922612604 68.5288046598929 
419.3643399754171 52.05323144897538 191.44472684441786 200.47003951797632 87.872195253539 411.1196602607011 178.34075378056497 427.32160943566305 96.3947168155712 332.36658511394944 305.759940882532 420.1608021189741 327.2582742004521 154.4519140306275 150.19732973772204 81.3978366605097 25.272578250094924 478.69686079931535 324.7877157336 208.57949288159716 
160.3944276854845 191.6694453035681 468.5715844067283 134.0532624779358 309.7090532433034 120.8551174584389 177.9301943044989 436.19525025823395 185.68227136443775 481.6177078990063 69.64301555694396 442.9049066163644 62.63646757326107 398.6537390639835 290.0205862070392 373.0697487460179 478.40361781375464 410.14328119174166 409.5659396175282 86.70312566134952 
213.10837905723528 487.8005321581458 267.6177134314548 39.45832981891827 172.03452822826432 231.0270709802476 456.42811203088297 162.2218906122884 424.5276876312498 18.371101750973775 259.12871748699354 11.489430765687805 275.88758239670494 24.495701158789842 481.03748858409915 161.22714814080007 374.2029655700599 135.85921871941463 238.75983487734914 431.9219351793477 
479.0821844157976 423.31096580814494 396.5370867402132 177.52338103476612 144.23280295658336 454.80533889457524 464.2953489443546 475.9807766490448 190.84301962687132 356.4374273865959 396.8479581451435 194.07818528881154 473.7183881929134 155.00331481538848 358.704624947678 22.270672719702723 67.12665904975 60.28816474649567 143.94034309082338 200.22504638044953 
122.30409631020777 470.28517721410526 65.57731406219935 278.7678736354668 273.57624798396427 107.54862254762331 253.93286909878924 388.94424395137366 95.04632722132072 319.884012310645 428.3866331608095 113.89016801081242 234.80437936012754 203.57856579262446 332.01996126228727 184.22185136628647 478.6103368711493 332.3750503998029 143.58082841605062 342.64494053835074 
120.00402145631566 500.39220281447075 306.22731160999626 348.48685622629495 138.79531832972336 12.194798093251793 337.50270723659906 217.85533761268547 314.8876154634494 178.21642828716392 309.9955080742053 420.12640556216394 29.387542838234907 298.7383371509167 317.1373167696861 376.46464145315963 129.95430192148598 44.62712292974995 363.59177463467154 231.07923903736332 
362.341586885038 268.03474892353114 244.68775779358631 490.9186552851058 495.0852275976466 401.2636924428679 104.34981891286853 254.5071574240043 389.28979059794165 227.0006383293404 485.97912282430286 375.62634172346975 390.4670557412591 428.1216184351249 315.7378728983015 32.54467908857028 44.379750012409616 450.27182069488947 382.69053235941686 298.4984424126152 
263.8434673736692 335.4232187796832 505.25476661940667 434.12676900344053 198.43997360082705 309.6130932287971 198.41534749019746 247.56438067082442 184.09499261463733 33.06651681822169 281.15418004535724 492.89476321878726 274.4736620846416 45.90613955729166 488.54942104623217 402.6671379403992 481.14673618625574 67.6521411811749 277.99703224058106 75.18032115678358 
474.48060780408804 433.71561575028153 144.00759961412322 62.23639089071619 122.20439570044866 77.08852071986121 381.03194444205644 128.0676329708289 367.60718011788396 88.43325765047776 358.76821193464014 275.13962232688226 74.31836783908845 12.775050450243842 499.4039074445458 257.53363237534325 89.62456447095956 166.0002069459543 271.2458007233578 427.61153745482795 
403.27590144853474 379.36347810277556 138.19095585338118 386.6663527818708 403.7349459311279 205.20743305156674 29.491885573234114 35.261439050839826 358.8214577360788 242.09734364026187 19.269083898091722 243.96152732433035 372.70593149262754 362.57424707393835 30.22393202777051 490.15883348172486 196.2052067877788 251.72966173355036 501.00522771822676 431.69712357431945 
392.33313291544283 289.80495628878845 81.6823815384342 12.997114838703297 484.0595672754268 437.01852309478807 46.77839980305353 324.3861444973067 336.23072011059554 403.8237150099557 240.31585033976037 60.33539051496633 148.60395699071236 14.801050527212524 492.32888990345197 47.307550363392004 61.95028407282559 299.38737440973307 71.29441901103843 436.9184296004459 
504.17758656851845 467.64537814064096 361.9356553505857 285.11518612863574 28.427677809824182 54.27654363205913 82.85106115335583 363.07471546734644 20.100449136252244 139.0806500073653 483.42184490199577 170.52499368372725 274.7580625107274 177.06479886863178 84.45122235787083 247.19269567869443 73.86242765811457 96.40537725987224 151.98837043343997 503.08019977090083 
10.299065821613098 447.46587275988134 218.79047123421745 413.2750168783604 440.640449193792 11.073695419679888 92.87567176279865 47.994773867029984 66.10201870038773 399.2591854739605 417.6203379830422 33.5710464110665 269.1438760613774 306.659890761032 472.8535740232101 165.07488408671006 457.67142358796656 195.79329650594866 31.40220267693116 16.287423627348854 
293.78795136529357 324.4009982690629 210.53930836595075 17.718526193972565 309.05240430129606 148.06762364926877 382.78941578895274 98.37671910457252 33.19536966973623 256.31749726946566 335.54359541022137 111.9933443490823 388.24640959441064 125.39220189660632 493.9373939237847 393.4043172679961 225.02599144408796 95.91219786192138 146.44489947325934 415.79241634771023 
503.95494314481607 108.62561265549363 237.64197759877896 144.49331007034064 247.13471245617285 356.4472250250309 417.59182005316285 308.0683870573814 13.651502504423531 135.9910124980419 162.30589833806164 432.347606620829 275.05738753051565 306.79907431571814 404.73354233333214 108.14546948875063 192.9815817287127 391.470317324176 240.7332172439277 88.35310602679235 
425.8249465073447 474.8918844494264 399.4785068960091 435.10980896531487 216.49083826696253 185.77647860843743 292.75214855275294 62.757004228361104 138.10556456659845 168.70876657362376 82.58109375395078 147.2778043349202 499.68133098129147 79.9038927085478 331.66574290949103 497.925298156174 38.675047104418816 264.8813057186185 426.05653304178134 111.7426581692551 
152.39595222908778 401.2569618621854 84.53091092320524 256.6782897717202 45.21527642522787 14.857126392264766 394.1239045312839 53.9989734121049 293.53097577773275 402.3567435420389 436.26540329873234 155.7043246836033 455.44078357932426 118.64565270371884 192.97719989359834 237.6455343121094 477.0766199687795 312.1257291473314 47.583049292994716 154.05160515224387 
272.55346397244995 316.14195498282805 319.3846525992925 224.1661934089264 479.48591297894035 29.75078555942916 396.7570262532509 246.69813336237516 17.025440472617994 246.02869407102312 158.11601880663088 462.78885339693124 198.3715509787875 211.12418878101644 495.21132787534907 313.1997663368813 274.7099734313634 322.2562862182929 378.19811843713615 460.4226518998699 
412.53091682723044 497.8627608347103 26.94026354391959 171.41643092075049 231.28062251038273 378.10106879411524 377.9984464486371 281.6731442655001 153.29925557648082 138.9052179545319 161.75618619489228 86.31646530753139 442.99837346621086 327.8016940550509 29.13691763574038 128.9357861287344 437.23091365524544 254.6875251792694 292.365288512856 483.8590237783579 
93.80703909202796 95.77359078151886 469.2257263312713 252.56732458780357 110.10877211531016 493.8964473375361 445.2715158920343 119.95466013754034 488.75669962330954 63.40155711368683 193.43734708571884 441.1355487535669 52.2817510069326 332.80126289691276 115.50864458965049 454.5040339653703 33.755275739575424 283.41051066351065 194.90063534648993 341.74696381300424 
495.33046311414137 267.16349539085144 275.20043939000635 480.5147434134274 451.64827514043253 211.814325122405 403.9251212692306 360.45272015772576 200.0610058740707 146.72485241314618 305.9489913621112 258.2962361136164 484.62659721191113 207.44280924390162 176.05328431966765 392.73258523595433 245.82682069981425 402.27328649829394 105.05111277628292 404.73291368493125 
332.9624963659327 49.04682447600361 78.94115511796738 134.05714811778267 181.17876499312007 415.287114557811 115.54291211429906 287.6352994527888 80.07368542645837 219.98148536388211 228.0668608207127 220.5279699263557 285.8431994065412 280.1573337082443 30.07247094200393 175.16939976608953 353.9155455347052 210.46752840459143 421.26738598668777 449.5960712904566 
194.02835485065262 208.98804780920403 418.6006636225626 90.36409872452404 474.70146119988135 87.43080092502936 322.10345579421494 330.85838056417833 129.05863279433686 328.9749860849615 29.930056540428897 120.69677630593122 338.9512693195694 81.91983645552985 442.0525080824303 216.93237750696787 499.3372002112977 122.36217715955199 17.061979968282948 432.75696735448133 
289.8678556973708 444.1016246325068 171.52982499701318 264.4088690941102 105.63660722660966 258.97675242834714 336.38173159874674 241.988221617169 224.04187298077943 315.8353781897624 109.73778326217736 474.8828788311977 209.71757274962465 71.34183033732438 70.67184096036038 487.50800464113183 184.48456884341246 370.82463603987844 443.3431746501493 66.06260114381406 
214.27585241156004 422.36757470229117 425.9535325535617 462.00581462043965 189.9887579392126 472.3472516855635 123.98279408851924 422.9565959310744 204.2173191929274 215.6203562875473 152.15627967324906 146.7193401037093 50.81788919984641 98.56368791876001 94.59693405230684 379.13904074379786 99.26108910273933 298.17005862217945 137.61542284089643 501.48881129944834 
420.7232867063963 285.40333096015837 314.5912509020278 78.09308156550713 167.87074778884812 506.0154721746327 427.3981098912507 459.889422044547 335.28945610192636 337.0290065783424 333.826537506475 164.6323455261868 152.51384571748028 102.08784021549582 415.4570697005821 379.44192301875717 486.60756457834157 53.87956035282586 165.43677840453347 56.400619274095114 
256.2493229205496 356.8325079397236 460.61277462474266 196.90129307289965 484.2770236570242 228.29056541091396 207.47523046099946 45.44955516988391 240.64323211448811 21.368775431136903 176.36358559038993 38.62358925363945 352.73520084027956 157.69320606716445 463.3886743027247 479.8945878422546 385.0124658926616 443.2277197759106 144.52406982918092 36.0108749419899 
14.91525640830165 425.39125168377154 311.3197955568923 275.6489232694072 56.99670033291642 74.6683178758855 302.69141302384025 96.03428943548091 12.232116537527418 198.9161542794851 72.23768471555441 508.2356786173794 144.4583724810333 123.57153841086831 255.53997429487688 376.8352477981205 210.8965343116087 295.9602661617746 126.89640719765654 334.67816165940485 
98.71086679873214 96.91269724785356 259.94399520381876 218.40477470344038 244.5573243066762 267.8882036592703 331.6218186971937 495.4682264463553 339.0747503887445 486.81184160387755 133.92838454187142 278.340931292431 443.27169251980064 250.82632342686884 482.92635387130554 146.61279090994378 268.7622395361788 349.16229334766604 339.44763478335284 122.68441327746409 
498.80370261884394 334.3303075982129 80.95209756740611 271.7584679699142 152.08962561998706 24.837303011300264 488.99291863267945 21.832197357621645 116.2508375355069 197.63095091780252 141.7418368408335 424.39432877167025 103.01803664885145 253.4748703912581 26.02723527974359 201.52941103407528 401.99876443499284 263.45791515944876 308.3383582586308 50.13279432905187 
435.0221134636891 429.8406013536669 329.2487143970989 298.9392730886146 238.00409817131955 119.44178983248798 10.71177069733086 139.06862949522773 122.28696941051358 252.7688280864791 490.68208905482703 273.7911308023563 392.4054500756338 457.09416487782175 424.5150287233886 458.21610259163947 122.23319879036409 16.681713401796188 17.59817736560087 24.606701948051803 
116.46243052669097 278.365868090686 478.6675410722616 114.02417285925536 309.3700123173991 295.6865663310503 208.26165970729886 460.00436881909286 477.8229294037562 119.7832815884709 161.76689775375246 194.96999257948738 270.4765256621865 270.251246078463 451.50679017000977 275.0815950757292 180.11838757457392 44.16286770875432 377.3287791135465 244.23030290696767 
211.11116755257734 446.4576953109753 200.1413812288467 182.87558834307924 118.88733136459744 149.90375160064383 97.85490156462473 312.43112947082693 223.4491664539702 17.83364376284107 368.1788567516029 350.901899361838 423.8268980612872 347.8584238393645 67.72918252777542 340.4755430511856 165.4482685658677 119.76235176972438 401.89841431944296 292.77129669310057 
237.372587146766 155.78165619634888 304.9419271408199 122.4494890561486 401.34243754027614 226.4705464692028 274.7333378388227 464.88469718517257 479.60606962076815 260.3574033221213 151.64225652867813 98.60584598678656 153.4637780658174 440.5944575354185 155.98744181818634 318.20623043346416 349.49117089788166 96.80394738700682 123.51855784214881 228.4265825049425 
215.39261253703629 425.32399342607164 503.3795914300861 55.11447076108094 312.43793414682585 196.05714784392453 308.0071088023043 193.76293487276797 276.43552826968084 229.1250171635618 329.4164287438855 341.3316988843691 324.1948795557639 49.53173298332868 61.32885812405008 182.05386180901942 107.43176406569309 253.0397626284708 391.5931523921425 222.93140560496366 
41.06926208326455 241.46083072068524 254.35424633484888 499.6225048159232 357.8875226206883 110.56539509067791 56.422443802932364 498.4238251867919 266.4756219928458 98.81354117609675 317.29620482435075 265.05088121931647 214.43854032475895 130.11063774701046 87.29154372339825 295.9196660560949 383.81231897200746 108.79068143123615 333.2313144984776 432.6325677781955 
170.64070956563714 250.0305946505905 106.14740825401496 105.37187118640495 25.666239825555483 353.89860933133286 430.4490011033823 395.90366171102426 158.08890627111748 56.239669449039845 479.0100300752428 15.895642861766637 229.3456685673496 214.60126416795117 223.62893485734563 421.2517024891277 288.86379544803196 212.40256875567192 375.3138764377974 408.16646732259113 
328.7412108770535 89.55018209869202 53.84650400545098 161.60291575032824 459.306961169776 32.703490736508904 251.07741783950283 351.89629948162576 332.51493310937184 383.39279550291326 277.40644797871335 500.18734347386174 65.12397730748248 447.1934206820281 505.9008405209872 458.3879263364911 38.617496063646165 12.15875177785646 353.5045793771471 474.3823558801813 
77.8157133027798 109.7155447395076 63.79182729621901 438.16738614420535 135.1335852623228 176.2244043120829 480.7176953596105 29.63405704262078 232.43774459697224 398.40877063010146 127.81949985014445 113.69452903937277 37.45529128629698 150.85538995454232 32.32151080236383 353.4569902675603 76.68784909019077 58.78943358173987 358.5964666240685 137.1517600742298 
211.78374191564546 344.32740101269195 40.43681811730676 39.51183404399832 131.32167531219238 239.41101238921024 226.58901726697533 163.31079704248506 234.95880353652424 373.62499159218413 479.00373589415506 331.76136795930404 411.8965189748721 170.10214244877295 288.25541522401267 227.47767032966175 340.61691514416583 407.7186008173467 95.58403519068503 198.70437703031183 
61.84320418119731 232.78257186473266 136.01234434149544 78.51575244839536 201.67705866726675 28.41958059090898 41.99168130678631 487.6878781546602 346.86614007108017 174.85736237647936 272.02943870791256 216.9469923473304 199.15483208615197 358.8135296414874 53.75140105251907 409.2973296809566 260.6714076178672 215.18919727025903 155.85198141261378 388.1312315590367 
427.3046514217495 209.27156505509208 428.3854953023021 101.82503643931622 492.0231261698946 292.6487478468985 175.85170889224187 280.523598461655 185.09015237588943 491.0398106874258 52.5286248890403 25.81664219885548 503.1277756368546 207.24325863296926 294.5057469419418 179.01014084175458 203.9825643802203 147.40703912704072 227.8708715867061 438.6957654314948 
469.34673881658364 403.82319859848576 117.50364486373442 323.321521669758 362.0873513516758 352.4503442747727 45.92881713634388 199.46677465678076 330.2369856311756 148.36701935933354 136.68257853257035 221.52477436264476 134.59889936236414 227.3590494304206 61.64481540414134 153.4956698401141 201.9198061401638 346.8441358484253 396.79065159954837 168.59333732605918 
30.583389059622036 324.3366459957022 15.814304934665838 347.3690437673525 400.77773016651105 256.6559022128769 336.07830600816925 220.05505112614864 266.08970754991014 128.0809080798109 356.3413816913932 323.8313059350122 328.47954040315244 340.65481763049206 50.7179200547208 370.7183976879041 423.5885748351955 324.8421196776358 308.32236003833737 246.799844855812 
468.33343487944336 13.74178695691202 233.05144125589317 188.47681388193908 347.7397320649174 89.05942559651763 242.9575417549079 106.45849013272006 242.96830525990126 32.04158148975172 33.66621421110548 153.19112792848205 27.487299636956667 137.57532475799132 95.2910552482552 254.4289651024071 483.34309744762834 274.6563024093362 97.29893267902983 450.65012234387086 
214.48321946593023 301.42823509399966 80.77888044710201 19.02056474139573 259.08439232815545 167.99713374339075 22.56764508779551 471.6092793089056 27.838852199327736 365.22327532389954 460.68496624480406 150.55786884510073 320.1520166639031 502.69407565659003 495.5319736663575 265.9075333704145 295.20468840329596 424.0810512707144 106.30545166751031 346.7866730189843 
399.8328294255805 393.083862955932 347.08142426244854 201.66225871874138 380.178177443362 508.16469631108174 112.02102429503645 108.35796239318279 129.06262023058724 129.27602783374454 284.1517756712443 79.54234575483326 246.03969268654657 224.78493871618898 207.17747181380486 174.39005844576516 312.07613106428954 171.79705841954888 44.76969376106342 452.11936322163785 
505.8166442007382 168.08334117001777 216.79424416262742 288.1088830552687 313.38520500946095 38.812679217814605 226.92536550513515 398.29692883439054 208.67565326965138 346.2936342338014 321.1012013599747 42.56633605722159 306.0850731597573 335.92825715689395 41.27329820575747 502.81809841998546 112.64288185562631 376.5812368889531 363.90352093569965 56.43679002994311 
131.4887461896152 178.56739657907227 237.66131743845764 290.8509784563978 193.65255798846363 197.4607965204001 459.7746494832163 229.8917507383945 20.08952920702405 256.92849592902553 455.4875364734467 367.6524241764154 140.92349963990796 48.79199048419563 150.07743616787477 330.5526124555657 423.8516710650428 293.51966474674714 247.8855914723023 13.309819510390167 
88.66384197474702 469.35329496147205 357.81338486159734 159.52151933726805 209.82918911025544 143.2715725565596 29.737945019493665 482.56106180258854 334.1038971980102 61.99404519899387 391.30000627732437 47.490388729688405 465.11265702661694 286.22845689491965 199.51728406578016 259.6926432677226 291.85709111891276 276.3644853877948 246.6763259826239 430.92804053034916 
163.10436183133368 462.81735380695085 184.9561203169036 18.515788209468354 434.60905466264154 459.2240056202852 459.2364775119503 258.34546613008746 441.12135691090896 201.69536827248064 162.544410528348 37.42083599077738 470.1348442529497 422.3275100464755 253.5914886109693 476.6392257601825 239.32678735167482 490.17506279267656 200.85545375119855 319.50965741443287 
504.64428734027115 277.8898678005417 242.65911532662932 347.51288111237386 50.98925287152111 337.2280274672178 77.69971162652088 167.8062423495929 442.4554120971606 291.6285472805707 425.48181707523474 343.9767500791232 34.070368540304145 479.06653842974396 21.106950334322907 465.5453654720631 371.9960544133167 503.38431829748663 233.87295091961929 376.9255552057351 
234.14038545319465 477.3033307186133 124.13638009684284 411.5394232505553 188.13357886025415 365.32013012657677 377.8909131092263 101.79436446040008 168.62198684096373 459.6895340117448 183.51497477538857 460.6234310030621 200.8327173509135 147.6980499776172 240.14160413741652 55.29260453003015 22.362166484949533 253.43070044502764 212.1038933296314 219.17799748412287 
480.1414919665973 362.2343997193403 68.90885596284484 372.21616526834043 204.5322602172203 161.08098039365296 375.1930590187096 45.73059365265574 187.5053299846509 453.0329753742438 220.11306353877467 332.33765117552997 16.85611933006308 129.01539033701346 100.62380321188334 106.63485112474496 143.40931522753297 505.09639781251616 198.09795732039535 487.3748357889171 
183.1663476637015 58.480265939428 112.73968184216015 136.82800579538278 381.3484453481156 220.4155760186257 245.24543106846585 118.03706939007807 490.2887178562419 509.2217774121121 140.1654384258588 155.66646800271465 438.12613719508386 411.6373388099294 230.4185702356056 271.1499864804889 290.2547034259134 45.69257048632801 47.414020515854354 387.83953041065774 
130.48082752153155 263.3101418750424 86.23273564891214 126.85825598063731 113.84212296031036 475.83661122881244 140.321779973664 139.36118753286175 68.04065786088319 110.7079134619045 45.154840324645164 445.90642258138035 145.44389268734813 232.4520596108362 395.31177882927835 378.6400557221404 152.60632180123818 486.23206479257476 424.43068902981764 346.99795473154666 
309.2649805601891 147.13232456779934 362.48520445402835 272.6274942082123 313.7620113282016 183.391549720756 209.8405035252734 164.23237632720281 216.84734951459137 366.7852446700062 492.5409424752607 428.0437446445253 230.8145628190405 88.36111891836967 188.28250310509043 134.62051563019742 225.9231916471961 162.73031617352507 137.52322920172702 87.68230150571343 
291.0605679948767 29.117682909505273 379.1846782680518 165.67788259185306 360.5961590168171 382.3742031444206 475.3975288460075 31.792330796459424 34.38179628291293 392.1547504241309 14.74462713602275 433.09617085651604 342.8507289044769 293.46419810552266 108.45436359777676 434.53925255576405 334.16863429076045 256.77507245672564 318.99760735613717 58.49293287373829 
485.38981901618575 70.91991260250401 85.5414429999114 425.54340147494435 64.57165787686534 296.9613467435127 335.71258369466483 117.23931263509151 195.80036578111253 176.24309710642876 98.12382068124542 106.49692581684333 504.08134054232585 200.82505343880757 55.11649856526828 226.3658993655485 342.04709298785457 379.50548966993335 100.17219392997406 272.8586601406415 
225.43591677055056 357.6335002215789 89.44667235939218 462.5467878511099 229.2944744840976 173.91494293149046 101.8793423824158 90.62722887729873 221.85733698482346 62.41484213893288 147.33124044652655 360.1616926657719 438.0567084004404 332.9594979169186 387.20469465126035 478.19222056814516 19.61532529964598 488.1413555832927 56.997824284730925 239.4361796277723 
273.6758556352868 360.12975854071703 405.2469893656917 443.26356315178117 26.919633198114457 175.49077641346915 88.31024665161324 114.66010761737066 77.12816867783711 81.21922780580658 85.44507160157826 124.87891030948072 369.1403438490099 290.18581025304013 323.63336922686045 432.4840758651969 147.15844313111558 129.20289999961298 326.60687313050425 290.48921395774295 
460.35632764644004 397.9116696797177 327.5261754609004 390.2941039538766 23.742559573096948 71.69393379784577 409.766408849579 38.12248661328154 61.231904851385956 506.8118506472497 365.2627820800195 84.6643545431273 382.8781375248366 430.9783951001038 84.86899428299132 453.62554873948574 73.22144338896385 127.56198795237304 420.1817629328371 239.88806645638988 
292.7032978003128 346.6281925318865 81.28453886898528 472.98401066880325 319.10227550630043 101.02179347210898 259.8634759790415 266.58648578744726 80.9435742161758 130.69214973365604 292.14897091161424 199.72034381472304 59.83564644367067 443.4652224577223 301.1355834101938 400.39608932496486 63.68692623262861 465.4651362058556 382.53382027430376 427.3700523492291 
497.7557808005737 459.38861829089353 23.906627066856693 170.73378364527656 385.48689350363355 493.8353274903966 71.44385078180491 117.03603847798271 16.08710012436037 371.89714490120065 183.82781188895262 449.6402847643831 220.79388116057325 52.20971017261815 337.64293977092456 80.02099367516907 404.78958054554056 220.66919764581306 73.78287446476966 330.70168207445346 
86.71453485117303 296.0175299552005 299.30791049209785 115.53802821955699 322.73218712983663 277.4990720481727 84.20604040390654 88.0490189267648 17.099298665941944 467.79202180545207 17.510671264382317 353.49931923964186 246.19447062865794 229.4176109988885 312.22818601815544 465.4360649497266 347.958018116392 57.830150229778155 473.5283745365202 52.382967257678814 
153.69630800154687 379.39115451910016 469.65104412283983 45.39521677205182 364.2037632536783 107.43057201687711 469.9816889863262 102.17790849570301 197.15567122659598 114.5984083814111 339.7495917943492 448.47148617288366 57.724711740179174 404.7096314598598 205.80127034007822 482.4070133286979 109.37466654270571 392.28565254619406 32.90254930335334 112.53465388997357 
246.7841403027881 322.9955407941943 275.0222930761687 425.2282777526534 97.85357962807205 493.19989080720694 291.0509790478269 402.16950340423296 306.7486251507573 51.800704873282804 339.40715104643755 33.6141339445472 474.9330720012252 292.6002433950342 90.98503291465742 298.1442278329172 262.14429862118925 470.37208949883154 224.89624133350682 104.60889854069909 
274.2645696228128 298.8474149002888 296.458851795127 416.9569317003447 490.0412104809516 413.8197637911758 191.88691702579678 407.66436235879024 103.60868351064505 209.5712784947697 109.13350922084906 110.46023876202281 284.7659093690126 81.82360542368855 129.34051577796407 168.053465684192 483.9617927531617 235.41663978050835 68.34815185706293 395.56410646501763 
33.94206929055609 339.91806813843334 422.71755728901974 505.36212245053895 425.0107936466116 441.36705733212585 349.7192660727697 464.0166570547633 255.85926919629048 163.35505997183768 245.74106871993527 77.05916723751587 486.91590692252583 355.64684286707904 112.5680147083553 22.263230219277112 248.16985486644066 473.5450402238034 25.98797472079899 177.14444371230752 
78.42164364832331 96.20113301037851 146.17572227179775 211.38344492923272 97.91401348458 117.07617498277283 334.30868245268573 39.8749860859398 241.2959111745958 264.7541779400989 64.86753464048911 357.10655732124553 302.8729156149818 237.31157728378128 448.07473866965876 98.5693345627041 171.09718089797786 358.4455898686513 301.92413033409395 299.90477562295206 
254.24995811110338 288.56479208698033 338.2546743449027 449.48997360679436 224.26988547766356 449.04494996588016 152.3215913918617 55.16477426375348 330.6801861862986 442.8532913833419 330.31788410408683 270.8039489055112 161.5678331640245 379.7443080626965 114.29940777736168 53.437373643609774 353.5678387674039 139.23014706560704 188.96671555460108 446.62151029213163 
377.8058217785522 229.5289364884073 279.7565892336083 210.7652253724031 153.7519389001027 25.69383313570516 376.6966530266666 146.1129855194092 367.93931450938476 295.1262300083216 23.47591066560816 79.08876747547966 499.50011919587246 43.676108819870706 236.18459945161052 107.70365019041743 179.4723302593205 340.53262147647337 241.17626497329823 326.7301850697606 
135.83049978128992 405.10811297661667 346.5053346084019 378.34687324350796 101.1933734576728 364.118710643847 386.39319411538895 298.95557395080687 185.16173423369435 212.06448725834093 303.1760342544486 257.8752883969336 338.2395039188061 133.31249808868637 56.1874531177926 408.6151767056773 159.2911378215312 468.9856658623062 172.02901032813932 198.43011448771628 
423.48860262670644 236.86072799417806 375.68181936818183 106.86178448383892 332.70095392873077 237.4783132445423 366.9124226286789 408.9685762759859 115.27964345578144 404.6683583999602 431.42588270106944 183.94723364561116 227.192762388413 183.6938539173168 201.21932332637786 414.8495262976281 31.461212971759736 345.2161924550695 503.589110571341 150.09703826634058 
457.850040901788 268.2851204072038 363.2446282467522 322.497107577758 269.76805106998063 350.5565551883276 346.98192382063013 446.46316967217376 190.32874915709303 328.9411901542703 65.37030922636771 39.14256523843972 264.525809891461 418.88722068713247 270.9049655757612 236.1549122269151 459.4761479901119 305.500228813152 117.07875911165465 197.64422562710047 
129.68382612577165 144.70330283730226 267.82642544351773 25.347888502225736 99.27769339879504 357.6405970010511 171.79413196030717 36.3855498333852 238.17616374575533 126.52743372422819 440.88760154096144 364.4711905012288 34.13203893959215 125.15000070052817 397.551967644362 484.2513249243841 287.61063287615104 142.217942847982 480.2364433162719 379.4726430125533 
181.45421728601312 380.77274119644176 321.4968661616678 200.68200407410524 102.28603439057653 341.85521969160413 438.1893620074584 383.16215811662283 215.6068705642574 325.63516512987525 98.20823028219704 320.80611735609574 421.53747749996467 208.2062112137978 53.22105169391516 316.6333112293505 443.1597194557163 277.2492066356306 451.854303771907 155.650883584372 
424.4098783658745 34.767013287836036 372.78250348004315 270.76289653936954 39.477006570737316 500.0940550909032 42.17410658809078 97.43089281749828 240.6595093535147 171.38358961429432 424.94711967868164 337.7887188838309 396.6332009410041 428.77591494752403 504.287725256922 479.9149005040072 198.08372930964134 287.450606931738 188.88494662080083 42.965506578768625 
332.6567438384028 33.76593587886616 412.3345374753915 143.87082640141952 56.17879428249044 402.6884796576213 114.1650819708102 106.29886697293615 412.10199610785986 79.71627971380245 416.93968013673043 457.5887831802193 476.125864167746 435.49838926611113 438.8860889094191 284.3574672643389 127.94917467260213 26.354238476037565 306.5086080424162 42.48228744968634 
477.10506744480153 18.89558760192677 56.63471893256338 42.163243139076705 194.83259486151604 321.9545711668782 242.34975447663436 453.7675600733287 128.9376873332505 334.02066748052476 182.2725595614979 305.15984012346274 203.59687210660786 339.3898767522166 417.6253644237106 66.2210238073338 231.05656250186289 211.22912467488047 66.55096831721363 41.2590902090335 
387.18139220965884 204.75915609062878 390.1303849445133 415.0148306239753 227.80446763675982 248.75889463919435 509.5540210129873 422.9656392344485 247.83274842956277 268.59449202207395 338.89956544873036 241.63055655571569 110.06076071613784 198.97613591571266 422.9696643548693 319.5797138484085 295.6454992929226 469.6458066389994 494.6426002249558 494.8510752358761 
53.19607719941704 372.19902553137473 191.18893501436813 369.4780094271429 148.43081871952296 341.2437963226905 494.0074659654884 36.830405244907375 41.3551717136491 308.0997712752531 81.23335320675106 382.472717572914 242.9134966733848 410.2409514126077 407.67183135126277 304.2419000660009 228.06785880841346 464.6847328233676 451.51036784037996 322.2486000612845 
407.2569289862432 238.53076854212932 192.26260947742884 174.50435224165582 283.1881384608765 174.85257347977694 509.3970432268886 118.87832902927391 44.916249090350846 357.14498800263686 316.10367174603044 287.0863656337806 476.1613610446935 120.53070702956019 367.65173775775037 61.415784205308626 179.81961283647772 342.92901632342546 308.7916151923651 69.88876854462022 
245.6195994008162 74.38971560343049 149.65401669110705 20.56765363296519 112.87763267181698 287.7955228915687 484.59969127844334 220.70521298483214 505.3050976250459 159.1359732472709 393.47261650963276 251.44297653534613 439.82083824321705 410.5560131713516 89.7099222305797 393.7608520552903 436.3218673528467 374.38235226201243 504.7615912345944 26.380974772087054 
180.36538321786753 61.33070262352868 123.27318512898738 341.3291736737153 15.715383112646965 141.09711289669173 508.4845177615285 347.8568934922223 268.7067785293116 368.536389575892 82.29761765195592 260.42693476677516 31.380417725820056 113.630846009529 349.4669055038557 491.46601862097276 155.34183458800882 278.4524797820512 380.36496176971 94.58726670817279 
333.29705873153927 509.3215916316045 491.77665760753166 128.98583765284275 270.21861501606344 237.36518874545953 190.17518438936747 40.710791815237336 71.0946934949595 205.67807010320055 66.93270667131279 281.5162431681885 97.21468875347027 266.2898361270059 459.9191253565459 10.99503775137183 167.94431690130335 355.1410146069361 320.9417541921224 352.6979839642242 
109.94330428155929 178.2712136097247 353.47930319877855 299.9418331846827 280.7788226344355 267.4226758782109 110.16311746080709 492.0091142060158 318.88783986621513 188.2621640563618 364.45887488544895 206.44288959375683 496.84146802973015 309.4244134112817 196.00179194170164 38.13966784017069 179.86435473223034 165.5802415746385 354.038634120246 360.9434909894903 
16.56245662187638 72.73241413916475 88.42944973923105 292.4443980837407 113.81214803653182 278.9424785672432 262.6622530571042 507.6843325311616 72.76370171755791 58.6915497632337 188.33381001051336 372.4736602194337 387.9126199382173 284.0783379976493 245.54956254866448 492.02142980565384 336.19156610203964 131.05736155664397 478.6959305638381 395.58243397184583 
108.03614791804533 203.92071303601676 482.0379715100922 202.82425150672734 57.37789452933716 486.22616146571147 14.59570749037297 242.61743703593675 72.51710128196208 151.37512682208026 408.75203657412396 219.951848271635 194.82911920384038 391.04325323453617 462.0455344003252 151.6824079888483 237.25696777163023 44.66700195986305 126.60114105914998 416.8072272695303 
279.5433972752001 438.1892698275808 435.6519834278156 391.9814654528061 42.15566306247714 465.2670854258942 231.6053018767833 267.96976020012033 265.8560001386027 69.14469793071947 385.10574269775555 267.74064409194324 348.8709523687455 408.39497301157354 319.5490932030446 111.90579979120945 118.61277200121033 114.73242934327398 280.4995457591146 202.20750686020855 
239.90589847387156 176.1008040802009 414.4636980890345 118.75729245358428 386.67169869295844 103.23852925084303 346.47432767786773 151.72889683029294 429.0245783300571 162.92501860525087 70.93712153870496 213.20871864407874 12.732620249324691 86.11106119144118 95.1934699538816 99.9068695817693 32.99582608316941 284.1362919738921 400.2524495697312 202.43193997901403 
